#----------------------------------------------------------------------------------------------------------------------------------------------------------
# Output file for vampire simulation
#   time       : 2025-01-27 19:52:08     process id : 2588
#   hostname   : GRBE200AHCXJDZ3
#   path       : /home/barad/CrTe_x_vampire/TB2J_Jeonghoon/updated_TB2J/Bulk/CrTe2/U_4/TB2J_results/Vampire
#   version    : 7.0.0
#   githash    : e017e798022a7c964d4c6aafc8ff97a7f63fd6bd
#----------------------------------------------------------------------------------------------------------------------------------------------------------
0          	0.000172179	0.000201535	1          	1          	
15         	-0.000240664	-0.00525297	0.999986   	0.985656   	
30         	-0.00207968	0.00176213 	0.999996   	0.970119   	
45         	-0.00156401	0.00217292 	0.999996   	0.954928   	
60         	0.00103067 	0.00143747 	0.999998   	0.938322   	
75         	-0.00129234	-0.00521531	0.999986   	0.92326    	
90         	0.00184239 	-0.000800103	0.999998   	0.906404   	
105        	0.00259067 	0.0025211  	0.999993   	0.885465   	
120        	-9.3189e-05	-0.00433399	0.999991   	0.871044   	
135        	-0.00165647	-0.00199372	0.999997   	0.848771   	
150        	0.00601115 	-0.00133772	0.999981   	0.829719   	
165        	-0.00752078	-0.0025818 	0.999968   	0.808723   	
180        	0.00866996 	-0.00201916	0.99996    	0.778911   	
195        	-0.00481729	0.00489687 	0.999976   	0.74602    	
210        	0.000879086	0.00751705 	0.999971   	0.718957   	
225        	0.00733196 	0.00202555 	0.999971   	0.686558   	
240        	0.0165073  	-0.00796878	0.999832   	0.658432   	
255        	0.00319512 	-0.00419292	0.999986   	0.601869   	
270        	-0.0014948 	-0.00735765	0.999972   	0.52475    	
285        	0.0204432  	-0.000132638	0.999791   	0.396785   	
300        	-0.206917  	0.00838033 	0.978323   	0.0528724  	
315        	0.258096   	-0.093347  	-0.961599  	0.0238068  	
330        	-0.0546253 	-0.21529   	0.975021   	0.0493001  	
345        	0.13098    	-0.283707  	-0.949924  	0.0308815  	
