#----------------------------------------------------------------------------------------------------------------------------------------------------------
# Output file for vampire simulation
#   time       : 2025-01-27 19:53:36     process id : 2614
#   hostname   : GRBE200AHCXJDZ3
#   path       : /home/barad/CrTe_x_vampire/TB2J_Jeonghoon/updated_TB2J/Bulk/CrTe2/U_4/TB2J_results/Vampire
#   version    : 7.0.0
#   githash    : e017e798022a7c964d4c6aafc8ff97a7f63fd6bd
#----------------------------------------------------------------------------------------------------------------------------------------------------------
0          	0.000168545	0.000197426	1          	1          	
15         	-0.00244028	-0.000155249	0.999997   	0.985745   	
30         	-0.00215101	4.2309e-05 	0.999998   	0.971813   	
45         	-0.00390002	0.0024389  	0.999989   	0.955965   	
60         	0.00583636 	0.000428919	0.999983   	0.940248   	
75         	0.000294069	-0.00224225	0.999997   	0.923596   	
90         	0.00220298 	-0.00599802	0.99998    	0.906869   	
105        	-0.000511432	-0.000599429	1          	0.894646   	
120        	0.0022204  	0.000647999	0.999997   	0.87306    	
135        	-0.00122552	-0.00235857	0.999996   	0.853575   	
150        	0.00372047 	-0.00267948	0.999989   	0.830489   	
165        	-0.00631184	-0.000768319	0.99998    	0.813154   	
180        	0.00826834 	-0.0119373 	0.999895   	0.792687   	
195        	0.0039779  	-0.000851971	0.999992   	0.765966   	
210        	-0.00597298	0.00318538 	0.999977   	0.726635   	
225        	0.00584201 	0.010797   	0.999925   	0.699893   	
240        	0.00388772 	0.00283755 	0.999988   	0.66643    	
255        	0.0068951  	-0.000250506	0.999976   	0.615301   	
270        	-0.00994488	-0.0139511 	0.999853   	0.546957   	
285        	-0.0200049 	-0.0165209 	0.999663   	0.429834   	
300        	-0.464503  	0.0646077  	0.883212   	0.0160531  	
315        	-0.146156  	-0.0478783 	-0.988102  	0.0670431  	
330        	-0.12709   	-0.280044  	-0.951537  	0.00801159 	
345        	0.0291984  	-0.121424  	-0.992171  	0.0624387  	
