1764
0.000168738	0.000197903	1
0.000168418	0.000197381	1
0.000166243	0.000198092	1
0.000169559	0.000198296	1
0.000168772	0.00019654	1
0.000169339	0.000196864	1
0.000168845	0.000197627	1
0.000169706	0.000196996	1
0.000168002	0.000196742	1
0.000170243	0.000196783	1
0.000168429	0.000198148	1
0.000169062	0.000197682	1
0.000168785	0.00019566	1
0.000167898	0.000196208	1
0.000167056	0.000198489	1
0.00016878	0.000197318	1
0.000168024	0.000197256	1
0.000167638	0.000197761	1
0.000169501	0.000198212	1
0.000167746	0.000196892	1
0.00016889	0.000196911	1
0.000167222	0.00019814	1
0.000168788	0.000196394	1
0.000167755	0.000195741	1
0.000169146	0.000197825	1
0.000168467	0.000197737	1
0.000167008	0.000198121	1
0.000169785	0.000197222	1
0.000168853	0.000198165	1
0.00016968	0.000197616	1
0.00016842	0.000197983	1
0.000168241	0.000196685	1
0.000168009	0.000198347	1
0.000169244	0.000194398	1
0.000168398	0.000198566	1
0.000168667	0.000198079	1
0.00016943	0.000197583	1
0.000168578	0.000199287	1
0.000167597	0.000197862	1
0.000169167	0.000197212	1
0.000167778	0.000196901	1
0.000168815	0.000196011	1
0.000167501	0.000196817	1
0.000168429	0.000196739	1
0.000166307	0.000197911	1
0.000168338	0.00019593	1
0.000169094	0.000198057	1
0.000166567	0.000197386	1
0.000169599	0.00019873	1
0.000167716	0.000196294	1
0.000168428	0.000197598	1
0.000169002	0.00019678	1
0.00016875	0.000197207	1
0.000167707	0.000198424	1
0.000168313	0.000196618	1
0.000167662	0.000198054	1
0.000168506	0.000198503	1
0.000168969	0.00019677	1
0.00016918	0.000198433	1
0.000169212	0.000199279	1
0.000168139	0.000198852	1
0.000168594	0.000196891	1
0.00016817	0.00019921	1
0.00016757	0.000196678	1
0.000169421	0.000196999	1
0.000168022	0.000196419	1
0.000168318	0.000197991	1
0.000168296	0.00019763	1
0.000169526	0.000196546	1
0.000169048	0.000196889	1
0.000167269	0.000196842	1
0.000170204	0.00019506	1
0.000168175	0.000198562	1
0.000168281	0.000195749	1
0.000168239	0.000199036	1
0.000169478	0.000197052	1
0.000169769	0.000196333	1
0.000166962	0.000197859	1
0.000168531	0.000196847	1
0.000169165	0.000197443	1
0.000168353	0.000196639	1
0.000168936	0.000196514	1
0.000167436	0.000198096	1
0.000168332	0.000196549	1
0.000167429	0.000197184	1
0.000169918	0.000197897	1
0.000168867	0.000196953	1
0.000167222	0.000197773	1
0.000168746	0.000195848	1
0.00016783	0.00019863	1
0.000169394	0.000198423	1
0.000167261	0.000196928	1
0.000169474	0.000197361	1
0.000166629	0.000198062	1
0.000169693	0.000197786	1
0.000166532	0.000195724	1
0.000169282	0.000197559	1
0.000169489	0.000197728	1
0.000169048	0.000196695	1
0.000167778	0.000197731	1
0.000168084	0.000198847	1
0.00016936	0.000195551	1
0.000168922	0.000197295	1
0.000169228	0.000196605	1
0.00016835	0.000197514	1
0.000168142	0.000197164	1
0.000169463	0.000196962	1
0.000168626	0.000198008	1
0.000168196	0.000197056	1
0.000167127	0.000198566	1
0.000167918	0.000196469	1
0.000167769	0.000196454	1
0.000168853	0.000197651	1
0.00016949	0.000197452	1
0.000167302	0.00019654	1
0.000168734	0.000197388	1
0.000168992	0.000197746	1
0.000168436	0.000197213	1
0.000169052	0.000197882	1
0.000170132	0.000196759	1
0.000169576	0.000196341	1
0.000169123	0.000198511	1
0.000168987	0.000198111	1
0.000168869	0.000199164	1
0.00016868	0.000197693	1
0.000168548	0.000198379	1
0.000169027	0.000197484	1
0.000167633	0.000198485	1
0.000169038	0.000197876	1
0.000168564	0.000199685	1
0.000169073	0.000198521	1
0.00016935	0.000197944	1
0.000168902	0.000196201	1
0.000169243	0.000197868	1
0.000169584	0.000199358	1
0.000167356	0.000196699	1
0.000167417	0.000197799	1
0.000168972	0.000197467	1
0.000166985	0.000198498	1
0.000169099	0.000196425	1
0.000169567	0.000198351	1
0.000169973	0.000197992	1
0.000170178	0.000197488	1
0.000167789	0.000198119	1
0.000169254	0.000196084	1
0.000168704	0.000198044	1
0.000167552	0.000195374	1
0.000167907	0.000197392	1
0.000169886	0.000197274	1
0.000167581	0.00019848	1
0.000168947	0.000197292	1
0.000170769	0.000196481	1
0.000167971	0.00019668	1
0.000169415	0.000196607	1
0.000168852	0.0001963	1
0.000167762	0.000197251	1
0.000168957	0.000198358	1
0.000167675	0.000196773	1
0.000167586	0.000198894	1
0.000168024	0.000195154	1
0.000168239	0.000198478	1
0.000168812	0.000197687	1
0.000167918	0.000197883	1
0.000169398	0.000195914	1
0.000167649	0.000197334	1
0.000168263	0.000197154	1
0.000168009	0.000197976	1
0.000167127	0.000196429	1
0.000167641	0.000198377	1
0.000167937	0.000196558	1
0.000168688	0.000197401	1
0.000168632	0.000198484	1
0.000168087	0.00019911	1
0.000168424	0.000196394	1
0.000168522	0.000196532	1
0.000167897	0.000197786	1
0.000168691	0.000196185	1
0.000168436	0.000198529	1
0.000168108	0.000197514	1
0.000168482	0.000197519	1
0.000168317	0.000197839	1
0.000166956	0.000196449	1
0.000169848	0.000197299	1
0.000168462	0.000197836	1
0.00016948	0.000198587	1
0.000169803	0.000196311	1
0.000168682	0.000197464	1
0.000168451	0.000196059	1
0.000167638	0.000198053	1
0.000169316	0.000197208	1
0.000168389	0.000199273	1
0.000167839	0.000195882	1
0.000169053	0.000197147	1
0.000168617	0.000196678	1
0.000168653	0.00019674	1
0.00016747	0.000197121	1
0.000168735	0.00019817	1
0.000167958	0.000197173	1
0.000167232	0.000197165	1
0.000168861	0.000199134	1
0.000167647	0.000196423	1
0.000168139	0.000198233	1
0.00016895	0.000196328	1
0.000168198	0.00019839	1
0.000167385	0.000196721	1
0.000168131	0.000196748	1
0.000169412	0.000196665	1
0.000170703	0.000196235	1
0.000169088	0.000198212	1
0.000167741	0.000196968	1
0.000168003	0.000197774	1
0.00016862	0.000197822	1
0.000169143	0.00019795	1
0.000167321	0.00019736	1
0.000170273	0.000197658	1
0.000166292	0.000196647	1
0.000169889	0.0001966	1
0.000167937	0.000197774	1
0.000169234	0.000197151	1
0.000168234	0.000197363	1
0.000169592	0.000198362	1
0.000168234	0.000197756	1
0.000168571	0.000197884	1
0.000168455	0.000198453	1
0.000169307	0.000198458	1
0.000168958	0.000196549	1
0.000167833	0.000197548	1
0.000167983	0.000197918	1
0.000167162	0.000198906	1
0.000168459	0.000197648	1
0.000169278	0.000196816	1
0.00016767	0.000198111	1
0.000168887	0.000197335	1
0.000168441	0.000198359	1
0.000170201	0.000198676	1
0.000168182	0.000195098	1
0.000167173	0.000197193	1
0.000169693	0.000196271	1
0.000167027	0.00019758	1
0.000168816	0.00019645	1
0.00016798	0.000197996	1
0.000168514	0.000198135	1
0.000167011	0.000197024	1
0.000168665	0.000196819	1
0.000168496	0.000198743	1
0.000167719	0.000195558	1
0.000168893	0.000196821	1
0.000166712	0.000196181	1
0.000168347	0.000198909	1
0.000167951	0.000196238	1
0.000169487	0.000198648	1
0.000168685	0.000197868	1
0.00016825	0.000196224	1
0.00016945	0.000197631	1
0.000168857	0.000197883	1
0.000168847	0.000196107	1
0.000169297	0.000197673	1
0.000169134	0.000196493	1
0.000169894	0.000198332	1
0.000168631	0.000198022	1
0.000168209	0.00019794	1
0.000169161	0.000196586	1
0.000166979	0.000198589	1
0.000167666	0.000195782	1
0.000168086	0.000198447	1
0.000168038	0.000197275	1
0.000167963	0.000195402	1
0.000167633	0.000197158	1
0.000167954	0.000196432	1
0.000168154	0.00019654	1
0.000168992	0.000197245	1
0.00016873	0.000196227	1
0.000169048	0.000197289	1
0.000168145	0.000197634	1
0.000167469	0.000197866	1
0.000167978	0.000197135	1
0.000169416	0.0001971	1
0.00016866	0.000198426	1
0.000169632	0.000197813	1
0.000170292	0.000197509	1
0.000168126	0.000198903	1
0.0001709	0.000197993	1
0.000167352	0.000197968	1
0.000168696	0.000197836	1
0.000167362	0.000197933	1
0.000167378	0.000198218	1
0.000168139	0.000195969	1
0.000168523	0.00019752	1
0.000169285	0.000197363	1
0.000167947	0.000196974	1
0.000168722	0.000197513	1
0.000167032	0.000197631	1
0.000169106	0.000197901	1
0.000168823	0.00019671	1
0.000167891	0.000196549	1
0.000168125	0.00019763	1
0.000168393	0.000197592	1
0.000169429	0.00019732	1
0.000169332	0.000199239	1
0.000167868	0.000197086	1
0.000167834	0.000197328	1
0.000169755	0.000198725	1
0.000167881	0.000196585	1
0.000170613	0.000198205	1
0.000166959	0.000196813	1
0.000168392	0.000198623	1
0.000167996	0.000198512	1
0.000169382	0.000196165	1
0.000168587	0.000199199	1
0.00016618	0.000196361	1
0.000168843	0.000198045	1
0.000167345	0.000196497	1
0.000168797	0.000197119	1
0.000166607	0.000198204	1
0.000167819	0.000196801	1
0.000167808	0.000197569	1
0.000168135	0.000197417	1
0.000169553	0.0001988	1
0.000168886	0.000197305	1
0.000167869	0.000197347	1
0.000168934	0.000197723	1
0.000169481	0.000196724	1
0.000166742	0.000197373	1
0.000169099	0.000196276	1
0.000168116	0.000197891	1
0.000168705	0.000196035	1
0.000168754	0.000198497	1
0.000167877	0.000196043	1
0.000168846	0.000198944	1
0.000168628	0.000196417	1
0.000168333	0.000197346	1
0.000167922	0.00019726	1
0.000167588	0.000198226	1
0.000169412	0.000196221	1
0.000168117	0.00019779	1
0.000168442	0.000195371	1
0.000167877	0.000196637	1
0.000168221	0.000199065	1
0.000169867	0.000198427	1
0.000168496	0.000197199	1
0.000169437	0.000197906	1
0.000168755	0.000197864	1
0.000168268	0.000198084	1
0.000168916	0.000196078	1
0.000167693	0.000197073	1
0.000170608	0.000196815	1
0.000167146	0.000198793	1
0.000169042	0.000196907	1
0.000167685	0.000198947	1
0.000167947	0.000197473	1
0.000168656	0.000194992	1
0.000167914	0.000195879	1
0.000168378	0.000197672	1
0.000168031	0.000198197	1
0.000169239	0.000196977	1
0.000168584	0.000197403	1
0.000168336	0.000197819	1
0.000169312	0.000197541	1
0.000169029	0.00019778	1
0.000169319	0.000198489	1
0.000167164	0.000197361	1
0.00016859	0.000198656	1
0.000169569	0.000196657	1
0.000168708	0.000200017	1
0.000170106	0.000198779	1
0.000168423	0.000197393	1
0.000168448	0.000197817	1
0.000169623	0.000197653	1
0.00016852	0.000196282	1
0.000169067	0.000196815	1
0.000168946	0.000197442	1
0.000169185	0.000196261	1
0.000168876	0.000198456	1
0.000166721	0.000196822	1
0.000168764	0.00019667	1
0.000168469	0.000197588	1
0.0001674	0.00019757	1
0.000167402	0.000196546	1
0.000167072	0.000197848	1
0.000167933	0.000197056	1
0.000168841	0.000198228	1
0.000169639	0.000197548	1
0.00016817	0.000197726	1
0.000168709	0.000197798	1
0.000167311	0.000197	1
0.00016832	0.000197854	1
0.000167947	0.000196884	1
0.000168571	0.000197464	1
0.000168746	0.000197444	1
0.000168528	0.000196784	1
0.000170029	0.000197571	1
0.000168633	0.000197309	1
0.000168031	0.000197473	1
0.000168573	0.000199076	1
0.000168838	0.000198582	1
0.000170342	0.000198821	1
0.00016734	0.00019747	1
0.000168219	0.000197163	1
0.000170293	0.000196386	1
0.0001674	0.000198379	1
0.000169569	0.000196694	1
0.000169237	0.000198578	1
0.000168851	0.000197256	1
0.000167528	0.000197904	1
0.000168278	0.000196232	1
0.000169162	0.000199265	1
0.000168467	0.000198629	1
0.000168572	0.000196823	1
0.000168139	0.000197317	1
0.000166765	0.000196896	1
0.000169018	0.000197167	1
0.00016872	0.000197638	1
0.000168422	0.000199021	1
0.00016772	0.000198568	1
0.000167788	0.000196453	1
0.000168449	0.000196951	1
0.000168464	0.000199286	1
0.000166718	0.000196689	1
0.00017014	0.00019838	1
0.000168753	0.00019594	1
0.000165972	0.000196661	1
0.000167116	0.000196475	1
0.00016833	0.000198041	1
0.000169381	0.00019744	1
0.000168846	0.00019553	1
0.000169496	0.000196645	1
0.000169281	0.000197167	1
0.00016816	0.00019781	1
0.000168448	0.000196983	1
0.000168477	0.00019844	1
0.000168721	0.000197609	1
0.000167282	0.000197611	1
0.00016839	0.000197975	1
0.000170306	0.000196968	1
0.000167066	0.000198679	1
0.000169008	0.00019746	1
0.000168588	0.000198743	1
0.000170069	0.000195582	1
0.000167206	0.000198932	1
0.000168948	0.00019751	1
0.000167689	0.000198164	1
0.000167997	0.000198281	1
0.000168629	0.000196738	1
0.000168251	0.000197049	1
0.000168923	0.000198197	1
0.000169294	0.000197929	1
0.000166773	0.000198931	1
0.000168953	0.000199405	1
0.00016666	0.00019645	1
0.000167913	0.000196977	1
0.000167969	0.000196998	1
0.000169161	0.000197726	1
0.000167178	0.000197496	1
0.00016715	0.000197374	1
0.000168611	0.000196166	1
0.000167497	0.000199554	1
0.000168348	0.000196605	1
0.000168499	0.000195774	1
0.000170133	0.000199055	1
0.000168547	0.0001981	1
0.000168657	0.000196419	1
0.000168451	0.000197066	1
0.000170748	0.000197296	1
0.000169805	0.000198134	1
0.000167887	0.000197075	1
0.000168609	0.000197271	1
0.000168212	0.00019715	1
0.000168981	0.000196353	1
0.000170007	0.000198971	1
0.000169195	0.000196064	1
0.000169144	0.000197375	1
0.000167819	0.000196624	1
0.000170317	0.00019889	1
0.000168194	0.000195296	1
0.000168167	0.000198136	1
0.000168162	0.000196614	1
0.000169346	0.00019716	1
0.000169839	0.000197692	1
0.000168593	0.000196193	1
0.000168871	0.000196978	1
0.000167988	0.000197204	1
0.000167394	0.000198357	1
0.000168147	0.000198313	1
0.000169532	0.000197046	1
0.000166796	0.000197986	1
0.000169413	0.000197231	1
0.000167935	0.000198841	1
0.000166826	0.000196457	1
0.000168027	0.000196766	1
0.000169573	0.000197823	1
0.000168608	0.000197175	1
0.000167719	0.000197655	1
0.00016906	0.000197411	1
0.00016865	0.000196231	1
0.000169618	0.000197208	1
0.000167556	0.000196956	1
0.000169553	0.000197014	1
0.000169254	0.000197527	1
0.000167941	0.000196407	1
0.000167239	0.000196602	1
0.000168132	0.000199306	1
0.000168297	0.000197901	1
0.000168385	0.000197482	1
0.000167751	0.000197601	1
0.000168728	0.000196926	1
0.000169238	0.000197988	1
0.000169487	0.000197025	1
0.000168494	0.000197116	1
0.000167847	0.000198724	1
0.000169174	0.000197328	1
0.000168922	0.000197837	1
0.00017024	0.000196781	1
0.000168871	0.000197575	1
0.000169129	0.000198948	1
0.000168469	0.000196807	1
0.00016795	0.000198281	1
0.000168288	0.000195966	1
0.000168748	0.000199524	1
0.000167984	0.000198055	1
0.00016804	0.000197894	1
0.000167838	0.000197242	1
0.000168704	0.000196903	1
0.000169576	0.00019764	1
0.00016814	0.000198095	1
0.000168988	0.000196392	1
0.000168741	0.000197196	1
0.000168909	0.000196541	1
0.000168341	0.000197167	1
0.000168268	0.000196007	1
0.000168765	0.000198713	1
0.000168255	0.000199094	1
0.000168737	0.000197666	1
0.000169816	0.00019796	1
0.000168863	0.000197716	1
0.00016655	0.00019684	1
0.000168239	0.000197302	1
0.000169064	0.000196817	1
0.000167772	0.00019641	1
0.000168037	0.000197392	1
0.00016857	0.000198507	1
0.000168131	0.000198484	1
0.000168255	0.000198545	1
0.000169257	0.000196681	1
0.000168213	0.000196273	1
0.000167847	0.000196304	1
0.000168113	0.000196904	1
0.000169091	0.000198123	1
0.00016728	0.000198348	1
0.000168873	0.000197474	1
0.000169042	0.000197182	1
0.000166977	0.000198311	1
0.000169843	0.000196697	1
0.000168205	0.000198464	1
0.000168928	0.000198086	1
0.00016702	0.000196575	1
0.000166565	0.00019704	1
0.000166953	0.000197848	1
0.000169307	0.000198005	1
0.000168647	0.000197825	1
0.000168864	0.00019496	1
0.000167951	0.000198437	1
0.000166981	0.00019617	1
0.00016921	0.000197694	1
0.000168474	0.000197715	1
0.000168618	0.000197437	1
0.000167859	0.000196448	1
0.000169312	0.000197701	1
0.000169201	0.000197755	1
0.000167737	0.000195701	1
0.00016857	0.000197842	1
0.000169907	0.000197257	1
0.00016833	0.000198129	1
0.000167949	0.000198314	1
0.000169003	0.000197185	1
0.00016787	0.000196306	1
0.000169316	0.000196471	1
0.00016833	0.000197963	1
0.000166605	0.000197646	1
0.000169265	0.000197593	1
0.000168681	0.000197793	1
0.000167555	0.000198308	1
0.000165386	0.000197325	1
0.00016929	0.000199561	1
0.000166656	0.000196883	1
0.000169394	0.000197803	1
0.000168703	0.000197391	1
0.000168323	0.000197814	1
0.000169356	0.000196787	1
0.000169136	0.000197617	1
0.000168466	0.000197252	1
0.000168928	0.000198318	1
0.000167997	0.000195742	1
0.000168567	0.000196259	1
0.000168769	0.000198071	1
0.000167962	0.000198198	1
0.000167927	0.000197977	1
0.000170589	0.000197525	1
0.000169037	0.000197331	1
0.0001687	0.000198777	1
0.000168655	0.000196527	1
0.000168709	0.000198292	1
0.000168373	0.000195629	1
0.000169635	0.000195504	1
0.000167213	0.000197223	1
0.000169825	0.000197581	1
0.000169604	0.000196776	1
0.000169099	0.000197663	1
0.000169844	0.000196914	1
0.000168766	0.000196244	1
0.000168767	0.000196929	1
0.000167484	0.000197542	1
0.000169957	0.000196097	1
0.000168436	0.000197587	1
0.000168383	0.000198845	1
0.000168033	0.000197395	1
0.000169335	0.000197484	1
0.000168293	0.000196401	1
0.000169283	0.000197646	1
0.000170174	0.000198399	1
0.000169016	0.000197476	1
0.000167452	0.000197749	1
0.000169232	0.000196911	1
0.000166789	0.000199085	1
0.0001683	0.000197514	1
0.000167547	0.000197517	1
0.000169925	0.000198056	1
0.000169241	0.000196646	1
0.000168228	0.000197474	1
0.000169651	0.000198701	1
0.000168669	0.00019761	1
0.000167181	0.000198734	1
0.000166925	0.000196706	1
0.000169144	0.000197222	1
0.00016967	0.000197737	1
0.000167507	0.000196704	1
0.000168929	0.000198679	1
0.000168395	0.000197977	1
0.000170444	0.000197049	1
0.000167196	0.000197104	1
0.000168496	0.000197013	1
0.000167416	0.000197857	1
0.000169234	0.000197033	1
0.000169205	0.000197871	1
0.000170166	0.000194902	1
0.000169698	0.000197843	1
0.000168175	0.000198971	1
0.000166761	0.000197006	1
0.000168172	0.000197691	1
0.000168262	0.000196551	1
0.000169581	0.000198364	1
0.000168249	0.000196151	1
0.00016786	0.000196085	1
0.0001693	0.000197607	1
0.000169397	0.000195673	1
0.000168597	0.000198791	1
0.000169787	0.00019725	1
0.000167982	0.000197647	1
0.000168396	0.000196053	1
0.000170452	0.000199173	1
0.000168332	0.000196769	1
0.000167818	0.000198313	1
0.000167988	0.000197497	1
0.000169027	0.000197779	1
0.00017019	0.000197008	1
0.000167813	0.000196966	1
0.000168049	0.000198176	1
0.000169839	0.000198408	1
0.000166302	0.000195987	1
0.000168466	0.00019738	1
0.000168064	0.000198934	1
0.000168948	0.000197179	1
0.000167687	0.000197795	1
0.000167836	0.00019722	1
0.000169667	0.000196577	1
0.000169418	0.000196837	1
0.000169364	0.000196668	1
0.000169316	0.000197146	1
0.000168767	0.000197818	1
0.000167266	0.000197056	1
0.000168892	0.000197243	1
0.000168304	0.000197465	1
0.000167101	0.000196398	1
0.000168635	0.000198313	1
0.000169023	0.000195961	1
0.000167618	0.000196347	1
0.000167563	0.000197398	1
0.000169054	0.00019768	1
0.000168087	0.000198141	1
0.000168206	0.000196765	1
0.000169305	0.00019675	1
0.000168631	0.000198443	1
0.000169312	0.000198446	1
0.000167823	0.000195428	1
0.000170125	0.000196768	1
0.000169707	0.000197748	1
0.000168929	0.00019699	1
0.000167945	0.00019742	1
0.000168232	0.000198504	1
0.000168411	0.000198631	1
0.00016824	0.000197417	1
0.000170025	0.000198132	1
0.000169214	0.000198869	1
0.000169202	0.000195437	1
0.000167308	0.000198149	1
0.000168611	0.000196138	1
0.000166759	0.000198141	1
0.00016964	0.00019778	1
0.00016759	0.000197136	1
0.000167298	0.000196954	1
0.00016866	0.000198788	1
0.000168096	0.0001979	1
0.00016744	0.000198129	1
0.00016882	0.000196867	1
0.000169694	0.000197289	1
0.000169112	0.000195639	1
0.000167443	0.000197256	1
0.000170181	0.00019539	1
0.000170538	0.000196705	1
0.000168333	0.000197647	1
0.000168027	0.000197846	1
0.00016778	0.000197821	1
0.000168869	0.000198825	1
0.000169966	0.000197421	1
0.000167793	0.000197931	1
0.000169615	0.000197411	1
0.000168422	0.000196877	1
0.000169538	0.000198412	1
0.000168997	0.000195988	1
0.000168542	0.000195952	1
0.000168406	0.000197951	1
0.000168753	0.000198385	1
0.000169163	0.000197165	1
0.000168184	0.000197153	1
0.000167376	0.000197738	1
0.000168117	0.000199756	1
0.000168665	0.000196243	1
0.000168837	0.000198216	1
0.000168315	0.000197018	1
0.000169317	0.00019706	1
0.000167936	0.000196807	1
0.000167524	0.00019791	1
0.000169544	0.000196476	1
0.000167458	0.000196798	1
0.000169539	0.000196283	1
0.000168604	0.000198181	1
0.000168356	0.000197866	1
0.000168839	0.000197318	1
0.00016725	0.000196723	1
0.000169159	0.000198371	1
0.000168631	0.000198219	1
0.000169507	0.00019726	1
0.000167676	0.000197502	1
0.000168405	0.000198305	1
0.000169248	0.000199349	1
0.000167259	0.000197126	1
0.000170915	0.000196708	1
0.000168495	0.000197106	1
0.000167582	0.000196811	1
0.000169084	0.000196775	1
0.000166725	0.000196735	1
0.000167526	0.000196037	1
0.000167286	0.000197362	1
0.000169618	0.000197407	1
0.000168694	0.000196251	1
0.000166913	0.000197848	1
0.000170147	0.000196865	1
0.00016947	0.000197271	1
0.000168051	0.000196657	1
0.000169117	0.000196992	1
0.000169334	0.000197866	1
0.00016766	0.00019706	1
0.000168487	0.000197998	1
0.000167803	0.000197804	1
0.000167614	0.000196495	1
0.000168202	0.00019799	1
0.000168682	0.000195881	1
0.000168385	0.000195952	1
0.000168447	0.000198303	1
0.000167284	0.000197689	1
0.00016789	0.000198327	1
0.000168431	0.000196922	1
0.000168781	0.000197469	1
0.000168191	0.000196826	1
0.000169231	0.000196829	1
0.000169748	0.000198919	1
0.00016926	0.000199169	1
0.000167096	0.000196062	1
0.000167291	0.000198117	1
0.000169027	0.000196982	1
0.000168401	0.000197307	1
0.000168351	0.00019666	1
0.000168246	0.000197706	1
0.000169959	0.000198138	1
0.000169206	0.000198364	1
0.000169209	0.000197395	1
0.000169184	0.000197059	1
0.000168602	0.000198567	1
0.000168696	0.000197603	1
0.000168795	0.000196035	1
0.000168556	0.000196412	1
0.000168555	0.00019618	1
0.000169241	0.000196467	1
0.00016934	0.000196711	1
0.000169983	0.000197664	1
0.000167736	0.000197634	1
0.000167953	0.000196017	1
0.000170415	0.000197386	1
0.000168089	0.000197777	1
0.000169213	0.000197125	1
0.000167294	0.000199131	1
0.000169937	0.000197235	1
0.00016933	0.000196268	1
0.000169318	0.000196651	1
0.000168063	0.000197536	1
0.000167612	0.000198435	1
0.000169522	0.000197058	1
0.000165687	0.000198576	1
0.000168059	0.000197228	1
0.000169832	0.000197374	1
0.000168136	0.000198281	1
0.000167888	0.00019824	1
0.000168475	0.00019782	1
0.000168595	0.000197272	1
0.00016883	0.000196679	1
0.000168417	0.000197576	1
0.000168135	0.000196827	1
0.000167587	0.000198109	1
0.00016911	0.000197155	1
0.000168017	0.000196663	1
0.000168498	0.000198937	1
0.000167157	0.000198165	1
0.000167793	0.000197117	1
0.000170253	0.000196864	1
0.00016884	0.000197571	1
0.000168149	0.00019939	1
0.000169995	0.00019672	1
0.000167807	0.000197812	1
0.000169128	0.000197026	1
0.000167629	0.000197599	1
0.000169441	0.000198365	1
0.000168789	0.000196377	1
0.000170292	0.000197262	1
0.000167562	0.000198463	1
0.000167655	0.000197198	1
0.000168005	0.000197726	1
0.00016895	0.0001976	1
0.000168457	0.000199464	1
0.000167485	0.000197832	1
0.000168487	0.000197944	1
0.000168643	0.000197575	1
0.000169879	0.000196172	1
0.000167787	0.00019607	1
0.000169454	0.000196333	1
0.000169029	0.000196123	1
0.000167919	0.000198516	1
0.000169768	0.000198451	1
0.000167973	0.000198439	1
0.000167634	0.000196368	1
0.000167992	0.000196822	1
0.000168637	0.000197973	1
0.000166513	0.000196235	1
0.000168166	0.000197774	1
0.000167156	0.000197045	1
0.000169397	0.000197717	1
0.000169063	0.000197785	1
0.0001683	0.000197411	1
0.000168978	0.000198646	1
0.000169047	0.000196928	1
0.000168385	0.000198146	1
0.000168286	0.000198264	1
0.000168314	0.000195316	1
0.00016937	0.000197175	1
0.000169062	0.000196902	1
0.000168278	0.00019674	1
0.000168706	0.00019631	1
0.000167776	0.000197336	1
0.000167869	0.000197764	1
0.000167842	0.000197669	1
0.000168498	0.000198423	1
0.000167338	0.000197733	1
0.000167277	0.000196496	1
0.000168939	0.000197201	1
0.000168856	0.000197347	1
0.000168818	0.000197432	1
0.000169476	0.000197975	1
0.000169058	0.000197842	1
0.000167725	0.000196325	1
0.00016729	0.000197487	1
0.000169869	0.000197837	1
0.000169387	0.000197603	1
0.000169059	0.000196818	1
0.000167572	0.000198337	1
0.000169316	0.000195533	1
0.000168257	0.000196756	1
0.000168639	0.000197543	1
0.000168235	0.000197729	1
0.00016887	0.000198194	1
0.000168047	0.000196773	1
0.000168655	0.000197144	1
0.000168886	0.000196246	1
0.000170697	0.000196674	1
0.000169524	0.000197123	1
0.000168887	0.000197954	1
0.000167755	0.000197982	1
0.000169383	0.000197589	1
0.000168006	0.00019792	1
0.000169028	0.000195417	1
0.000166485	0.000197122	1
0.000169625	0.000196536	1
0.000168324	0.000196878	1
0.000168697	0.000198039	1
0.000169751	0.000195812	1
0.000169137	0.000198092	1
0.000169891	0.000198906	1
0.000171895	0.000197094	1
0.000168214	0.000198886	1
0.000169908	0.000195719	1
0.000167494	0.000196133	1
0.000169309	0.000198044	1
0.000169135	0.000197391	1
0.000169487	0.00019832	1
0.000169463	0.000197623	1
0.000168587	0.00019598	1
0.00016819	0.000197196	1
0.000167123	0.00019829	1
0.000168105	0.000195925	1
0.000169309	0.00019831	1
0.000167704	0.000197266	1
0.000167691	0.000197459	1
0.000168477	0.000197791	1
0.000167545	0.000198489	1
0.000168845	0.000196187	1
0.000169296	0.000199332	1
0.000168129	0.000197267	1
0.00017	0.000197719	1
0.000166448	0.000198839	1
0.000169343	0.000197304	1
0.000169693	0.000195688	1
0.000167727	0.000198309	1
0.000167827	0.000198711	1
0.000168519	0.000197945	1
0.00016892	0.00019617	1
0.000168218	0.000196594	1
0.000168351	0.000198817	1
0.000168919	0.000196735	1
0.000169419	0.00019857	1
0.00016718	0.000195575	1
0.000168075	0.000198631	1
0.000167825	0.000197494	1
0.000169552	0.000195596	1
0.000168816	0.000197553	1
0.000167788	0.00019888	1
0.000171556	0.000196746	1
0.000168046	0.000198418	1
0.000170141	0.000198549	1
0.000167803	0.000197983	1
0.000167795	0.000197677	1
0.000169048	0.000197132	1
0.000167961	0.000197458	1
0.000167449	0.000197061	1
0.000170355	0.000197319	1
0.00016944	0.000196054	1
0.000169468	0.000198529	1
0.000168786	0.000197787	1
0.000168674	0.000196244	1
0.000167706	0.000196358	1
0.000168132	0.000197165	1
0.000169922	0.000197059	1
0.000168723	0.000198467	1
0.0001673	0.000197161	1
0.000168046	0.00019626	1
0.000168411	0.00019828	1
0.000169234	0.000196759	1
0.000168547	0.000195528	1
0.000167486	0.000197981	1
0.000168211	0.00019819	1
0.000168562	0.000196199	1
0.000167513	0.000198226	1
0.000170159	0.000195208	1
0.000166501	0.000198058	1
0.000168457	0.00019745	1
0.000169002	0.000197596	1
0.000168376	0.00019793	1
0.000168754	0.000197006	1
0.000168582	0.000197466	1
0.000167466	0.000197194	1
0.000168622	0.00019648	1
0.000168568	0.000197216	1
0.000166435	0.00019744	1
0.00016883	0.000198113	1
0.000169033	0.000198157	1
0.000167925	0.000196851	1
0.00016822	0.000196476	1
0.000167899	0.000196555	1
0.000169123	0.00019779	1
0.000168676	0.000197562	1
0.000169703	0.00019771	1
0.000169698	0.000197703	1
0.000168706	0.000197576	1
0.000167432	0.000198638	1
0.000169344	0.000198604	1
0.000167413	0.00019713	1
0.000169448	0.000197164	1
0.000167937	0.000196655	1
0.000168905	0.000196785	1
0.000169795	0.000197643	1
0.000169781	0.000196691	1
0.000168573	0.000198197	1
0.000169636	0.00019586	1
0.000167742	0.000197654	1
0.000169844	0.00019682	1
0.000168254	0.000196558	1
0.000168594	0.000198232	1
0.000168589	0.0001964	1
0.000167773	0.000196875	1
0.00016891	0.000197046	1
0.000168129	0.000197298	1
0.000169397	0.000197651	1
0.000169054	0.0001981	1
0.000168396	0.000197498	1
0.000168286	0.00019674	1
0.000168906	0.000197412	1
0.000168106	0.000196475	1
0.000168379	0.000196068	1
0.000167991	0.000198665	1
0.000171402	0.000196768	1
0.000167951	0.000197325	1
0.000168057	0.000196174	1
0.000167801	0.000198068	1
0.000169238	0.000198378	1
0.000169282	0.000198716	1
0.00016789	0.000198188	1
0.000168458	0.000197325	1
0.000167602	0.000195612	1
0.000169536	0.000196792	1
0.00016928	0.000198779	1
0.00016803	0.000197979	1
0.000167908	0.000199775	1
0.000168814	0.000197172	1
0.000167945	0.00019674	1
0.000170372	0.00019845	1
0.00016848	0.000197564	1
0.000168041	0.00019741	1
0.000168802	0.000195397	1
0.00016891	0.000197773	1
0.00016765	0.000197251	1
0.000169425	0.000198053	1
0.000171566	0.000197066	1
0.000168147	0.000198016	1
0.000168835	0.000197274	1
0.000169962	0.00019726	1
0.000168642	0.000197452	1
0.000168128	0.000197925	1
0.000168378	0.000197135	1
0.000170339	0.000197761	1
0.000168362	0.000196637	1
0.000168751	0.000197329	1
0.000169374	0.000196366	1
0.000169187	0.000197928	1
0.000169458	0.000197092	1
0.000169147	0.000197701	1
0.000167138	0.000197636	1
0.000168596	0.00019677	1
0.000167675	0.000198217	1
0.000167833	0.000197923	1
0.000168628	0.000197322	1
0.000169141	0.00019771	1
0.000167625	0.000197661	1
0.000167797	0.000196797	1
0.000168225	0.000199207	1
0.000168046	0.000196941	1
0.000167722	0.000197937	1
0.000169525	0.00019783	1
0.000167888	0.000197165	1
0.000166683	0.000197601	1
0.000169178	0.000197677	1
0.000168683	0.000196394	1
0.000169554	0.000195945	1
0.000168826	0.00019769	1
0.000169585	0.000198878	1
0.000168964	0.00019813	1
0.000168257	0.000199285	1
0.00016786	0.000196576	1
0.000169416	0.000196643	1
0.000168581	0.000198228	1
0.000166745	0.00019884	1
0.00016883	0.000197273	1
0.000167902	0.000196906	1
0.000168656	0.000197615	1
0.000167884	0.000198002	1
0.00016884	0.000198302	1
0.00016992	0.000196295	1
0.000168597	0.000197105	1
0.000168	0.000197295	1
0.000169788	0.000198068	1
0.000166693	0.000197822	1
0.000168292	0.000196197	1
0.000170068	0.000198617	1
0.000168353	0.000196532	1
0.000168579	0.000197394	1
0.000168223	0.000197399	1
0.000170201	0.000196451	1
0.000168897	0.000197491	1
0.000169989	0.00019731	1
0.000168315	0.000197476	1
0.000169436	0.000198945	1
0.000168309	0.000197471	1
0.000168225	0.000197427	1
0.000168958	0.000197335	1
0.000168255	0.000197079	1
0.000168823	0.000196782	1
0.000168327	0.000198086	1
0.000168727	0.000196933	1
0.00016706	0.000198877	1
0.000169712	0.000197754	1
0.00016672	0.000197333	1
0.000166607	0.000199281	1
0.000168907	0.00019728	1
0.000168089	0.000198936	1
0.000168372	0.000197016	1
0.000167762	0.000198331	1
0.000169024	0.000197805	1
0.000168921	0.000197232	1
0.00016665	0.000198572	1
0.000167956	0.000197329	1
0.000169047	0.000197409	1
0.000168698	0.00019626	1
0.000167935	0.000197979	1
0.000167704	0.000197153	1
0.000169665	0.000197256	1
0.000168899	0.000196532	1
0.000168981	0.000197686	1
0.000170124	0.000197852	1
0.000167999	0.00019587	1
0.000169705	0.00019677	1
0.000168385	0.00019741	1
0.000168684	0.000197016	1
0.000168263	0.000197162	1
0.000169848	0.000196777	1
0.000169761	0.000197537	1
0.000168075	0.000196025	1
0.000167362	0.000199201	1
0.000167293	0.000196282	1
0.000169097	0.000197919	1
0.000168224	0.000196334	1
0.000167885	0.000198206	1
0.000169421	0.000195634	1
0.000168384	0.000196919	1
0.000167226	0.000197372	1
0.00016983	0.000196083	1
0.000167132	0.000198354	1
0.00016947	0.000197443	1
0.00016923	0.00019781	1
0.000168198	0.000197421	1
0.000168721	0.000196341	1
0.000169802	0.000197723	1
0.000169918	0.000198278	1
0.000170298	0.000196889	1
0.000166545	0.000196861	1
0.000168298	0.000198102	1
0.000167782	0.00019701	1
0.000169205	0.000196422	1
0.000170494	0.00019832	1
0.00016827	0.00019847	1
0.000168706	0.000198424	1
0.000169235	0.00019817	1
0.000168862	0.000198236	1
0.000169253	0.000196563	1
0.000169353	0.000197569	1
0.000167759	0.000195117	1
0.000169449	0.000196883	1
0.000166477	0.000197014	1
0.000169703	0.000197854	1
0.000170096	0.000197295	1
0.000168229	0.000197073	1
0.000169133	0.000197308	1
0.000167619	0.000197023	1
0.000168535	0.000197254	1
0.000168964	0.000197793	1
0.000168909	0.000199632	1
0.000168168	0.00019676	1
0.000168289	0.000197445	1
0.000168402	0.000197792	1
0.000169513	0.000198223	1
0.000168547	0.000196781	1
0.000169199	0.000197331	1
0.000167102	0.000197043	1
0.000168541	0.000196773	1
0.000169516	0.000197945	1
0.000169523	0.000197289	1
0.000168372	0.000198291	1
0.000168797	0.000198143	1
0.000169147	0.000197094	1
0.000169747	0.000196687	1
0.000167706	0.000195293	1
0.000167711	0.000198516	1
0.000169777	0.000197505	1
0.000167727	0.000195472	1
0.000169267	0.000196994	1
0.000168643	0.000196836	1
0.000167907	0.000196491	1
0.000170188	0.000198582	1
0.000167394	0.000196635	1
0.000168704	0.000197117	1
0.000168662	0.000197695	1
0.000166852	0.00019719	1
0.000167926	0.000197382	1
0.000168443	0.000199062	1
0.000168394	0.000196294	1
0.000169071	0.000198077	1
0.000168786	0.000197462	1
0.000169331	0.000198015	1
0.000168671	0.000197459	1
0.000169513	0.000197783	1
0.000168046	0.00019721	1
0.000169447	0.000198077	1
0.000168631	0.000197409	1
0.000169371	0.000198427	1
0.000168867	0.00019685	1
0.000169525	0.000195577	1
0.000168815	0.000195971	1
0.000166928	0.000197064	1
0.000167774	0.00019569	1
0.000168182	0.000197796	1
0.000168969	0.000196742	1
0.000169116	0.000197246	1
0.000166841	0.000196623	1
0.000169056	0.000197416	1
0.000170057	0.000197622	1
0.000168635	0.000199202	1
0.000168308	0.000197409	1
0.000168592	0.00019737	1
0.000170093	0.0001959	1
0.000168504	0.000199271	1
0.000169179	0.000197272	1
0.000168781	0.000196132	1
0.000168601	0.000198767	1
0.000167677	0.000197565	1
0.000168939	0.000199057	1
0.000168604	0.000196987	1
0.00016902	0.000199029	1
0.000167305	0.000197952	1
0.000169177	0.000196646	1
0.00016926	0.00019828	1
0.000168405	0.000197977	1
0.000169713	0.00019773	1
0.000168476	0.000197852	1
0.000168206	0.000199441	1
0.000168781	0.000195223	1
0.000168665	0.000197892	1
0.000168535	0.000197461	1
0.000167707	0.000197532	1
0.000169078	0.000197268	1
0.000169373	0.00019645	1
0.000170057	0.000195732	1
0.000169213	0.00019733	1
0.000168748	0.000195614	1
0.000168689	0.00019804	1
0.000169878	0.000198735	1
0.000167562	0.000197159	1
0.000167589	0.000197153	1
0.000169284	0.000198641	1
0.000169037	0.000197218	1
0.000170041	0.000197965	1
0.000169681	0.000197714	1
0.000168632	0.000197218	1
0.000168487	0.000197567	1
0.000168661	0.000199084	1
0.0001706	0.000197671	1
0.000169492	0.000197795	1
0.000168606	0.000197897	1
0.000168064	0.0001987	1
0.000169419	0.000197584	1
0.000168375	0.000199209	1
0.000168617	0.00019858	1
0.000169099	0.000196379	1
0.000168634	0.000197986	1
0.000168381	0.000197144	1
0.000169415	0.000196123	1
0.000168185	0.000197256	1
0.000166907	0.000197878	1
0.000169281	0.000197198	1
0.000168161	0.000196649	1
0.00016808	0.000197406	1
0.000168432	0.000197601	1
0.000168425	0.000197926	1
0.000168847	0.000197557	1
0.000170042	0.000196704	1
0.000169256	0.000197382	1
0.000167084	0.000197754	1
0.000168197	0.000196519	1
0.000168826	0.000197002	1
0.000168914	0.000197741	1
0.000167352	0.000198089	1
0.000169525	0.00019809	1
0.000170337	0.000197091	1
0.000167089	0.000197933	1
0.000167749	0.000196249	1
0.000168336	0.000198339	1
0.000169119	0.000197792	1
0.000169065	0.000198534	1
0.000168321	0.000196748	1
0.000170457	0.000197353	1
0.000169099	0.000196779	1
0.000169426	0.000197446	1
0.000168413	0.000198136	1
0.000168257	0.000196557	1
0.000168756	0.000198594	1
0.000169287	0.000196461	1
0.000170062	0.000198109	1
0.000167934	0.000197045	1
0.000168715	0.000197373	1
0.000167813	0.000199559	1
0.000168282	0.000195462	1
0.000167943	0.000196793	1
0.000168016	0.000197849	1
0.000166955	0.000198789	1
0.000167419	0.000197923	1
0.000168953	0.000198077	1
0.000166078	0.000197303	1
0.000169943	0.00019686	1
0.000170296	0.000199689	1
0.000167409	0.000197679	1
0.000167451	0.000197336	1
0.00016896	0.000196939	1
0.000167848	0.000195354	1
0.000168217	0.000198894	1
0.00017062	0.000197416	1
0.000169043	0.000196408	1
0.000169137	0.000196776	1
0.000169293	0.000196801	1
0.000169007	0.000198761	1
0.000168323	0.000197336	1
0.000168593	0.000198512	1
0.000168332	0.000197847	1
0.000168151	0.000196836	1
0.000169033	0.000197576	1
0.000167919	0.000197104	1
0.000168332	0.000195845	1
0.000168203	0.000197807	1
0.000169496	0.000197707	1
0.000167378	0.000196052	1
0.000168678	0.000197921	1
0.000168367	0.000198255	1
0.000168136	0.000199135	1
0.000169114	0.000195885	1
0.000168224	0.000198783	1
0.000166726	0.000195885	1
0.000169525	0.000198228	1
0.000168508	0.00019743	1
0.000168196	0.000197	1
0.000168406	0.000197876	1
0.000169264	0.000197737	1
0.000167388	0.000197847	1
0.000168011	0.000197383	1
0.000168635	0.000196617	1
0.000169104	0.000195991	1
0.000169642	0.000197359	1
0.000168431	0.000197059	1
0.000168289	0.000196882	1
0.00016718	0.000197758	1
0.000170473	0.000197553	1
0.000167809	0.000199081	1
0.000168189	0.000197142	1
0.000170166	0.000197186	1
0.000169089	0.000198932	1
0.000168535	0.000197256	1
0.00016865	0.000198586	1
0.000169154	0.000197782	1
0.000168093	0.000197193	1
0.000167748	0.000198233	1
0.000169724	0.000197261	1
0.000169167	0.000197128	1
0.000169492	0.000197754	1
0.000168033	0.000196907	1
0.000168219	0.000198846	1
0.000168042	0.000197872	1
0.000169345	0.00019779	1
0.000168554	0.000196863	1
0.000169159	0.000197936	1
0.000169618	0.000196646	1
0.000169472	0.000197511	1
0.000167407	0.000197616	1
0.000168718	0.000197603	1
0.000168979	0.000196303	1
0.000169326	0.000198214	1
0.000167129	0.000197874	1
0.000169839	0.000198145	1
0.000167844	0.000198071	1
0.000169341	0.000197249	1
0.000167518	0.000197399	1
0.000170714	0.000197917	1
0.000170262	0.000197236	1
0.000168206	0.000196001	1
0.000167962	0.000199166	1
0.00016735	0.000197108	1
0.000169946	0.000197895	1
0.000167614	0.000198866	1
0.000168647	0.00019869	1
0.000169393	0.000196808	1
0.000168509	0.000198463	1
0.000167801	0.000198066	1
0.000169163	0.000197792	1
0.00016819	0.000197526	1
0.000168508	0.000197256	1
0.000167798	0.00019802	1
0.000168882	0.000197921	1
0.000169356	0.000196834	1
0.000168742	0.00019773	1
0.000168179	0.000196331	1
0.000167339	0.000197892	1
0.000168746	0.000196744	1
0.000168084	0.000195166	1
0.000167766	0.00019779	1
0.000168683	0.000197546	1
0.000168418	0.000196867	1
0.000167832	0.000197005	1
0.000170217	0.000197131	1
0.000168193	0.000196413	1
0.000169945	0.000199334	1
0.000168199	0.000198168	1
0.000168907	0.000197427	1
0.000168578	0.000196828	1
0.00016804	0.000196983	1
0.000168863	0.000198859	1
0.000169493	0.000197774	1
0.000166587	0.000197861	1
0.000169959	0.00019693	1
0.000168457	0.000197039	1
0.000168583	0.000197137	1
0.000168492	0.000197302	1
0.000169021	0.000198805	1
0.0001684	0.000198369	1
0.000167937	0.000196633	1
0.00016716	0.000197172	1
0.00016824	0.000197895	1
0.00016734	0.00019808	1
0.000169216	0.000196822	1
0.000167196	0.000197063	1
0.000168616	0.000197127	1
0.000168197	0.000197673	1
0.000168027	0.000197931	1
0.000169173	0.000197254	1
0.00017016	0.000197906	1
0.000168446	0.000197069	1
0.000168342	0.000197838	1
0.000168287	0.000197848	1
0.000168585	0.000197682	1
0.000169227	0.000195435	1
0.000168239	0.000197237	1
0.000168358	0.000198958	1
0.000167587	0.000196802	1
0.000169652	0.000196519	1
0.00016851	0.000197644	1
0.000168733	0.000197172	1
0.000167816	0.000195858	1
0.000169298	0.000197219	1
0.000167669	0.00019883	1
0.000167942	0.000196157	1
0.000168128	0.000198329	1
0.000169724	0.000196786	1
0.000169838	0.000196979	1
0.00016808	0.000198206	1
0.000168724	0.000197921	1
0.000169377	0.000197741	1
0.000169727	0.000197922	1
0.000168776	0.000198964	1
0.000168921	0.00019713	1
0.000169444	0.000196874	1
0.000168186	0.000197631	1
0.000167993	0.000197427	1
0.000167764	0.000196184	1
0.000168713	0.000197678	1
0.000168863	0.00019743	1
0.000169122	0.000198112	1
0.000167752	0.000197686	1
0.000168004	0.000197331	1
0.000170263	0.000198209	1
0.000166912	0.00019865	1
0.000170023	0.000197963	1
0.000167694	0.000196692	1
0.000166678	0.000197188	1
0.00016864	0.000198197	1
0.000167226	0.000197319	1
0.000169706	0.000198196	1
0.000169254	0.000197452	1
0.000168823	0.000198519	1
0.000168096	0.000197036	1
0.00016917	0.00019684	1
0.000169335	0.000197262	1
0.000168077	0.000198835	1
0.000168523	0.000198715	1
0.000167951	0.00019643	1
0.000168948	0.000198265	1
0.000169246	0.000197531	1
0.000169376	0.000198424	1
0.000168462	0.000198204	1
0.0001694	0.000196784	1
0.000167741	0.000198246	1
0.000169286	0.000196773	1
0.000169345	0.000197059	1
0.000167082	0.000197236	1
0.000167324	0.000197591	1
0.00016901	0.000196769	1
0.000168096	0.000196243	1
0.000168565	0.000198275	1
0.000169281	0.000196565	1
0.000168347	0.000198013	1
0.000168456	0.000197177	1
0.00016782	0.000197101	1
0.000167677	0.000197055	1
0.000169967	0.000195324	1
0.000169441	0.000197666	1
0.000169457	0.00019807	1
0.000167846	0.000197078	1
0.000168032	0.000198339	1
0.000167852	0.000198659	1
0.000169418	0.000197863	1
0.000169515	0.000197549	1
0.000168317	0.000199138	1
0.000170092	0.000197504	1
0.000168152	0.000198783	1
0.000168809	0.000197835	1
0.000168824	0.000196606	1
0.000168298	0.000197598	1
0.00016751	0.000195689	1
0.000170045	0.000197929	1
0.000168447	0.000197091	1
0.00016955	0.000197584	1
0.000168936	0.000196714	1
0.000168973	0.000198001	1
0.000168568	0.00019717	1
0.00016844	0.000198859	1
0.000168162	0.000196534	1
0.000169245	0.000197068	1
0.000167499	0.000196649	1
0.000168893	0.000197368	1
0.00016729	0.000195939	1
0.000168835	0.000197824	1
0.000168318	0.000197671	1
0.000168926	0.000197692	1
0.000169888	0.000197505	1
0.000168649	0.00019741	1
0.000167803	0.000196741	1
0.000167085	0.000198099	1
0.000169403	0.000197418	1
0.000168167	0.000196642	1
0.000169883	0.000198054	1
0.00016713	0.000196837	1
0.000169013	0.000197582	1
0.000168841	0.000197646	1
0.000168361	0.000197031	1
0.000168881	0.000197309	1
0.000169317	0.000197455	1
0.000167701	0.0001981	1
0.00016865	0.000197578	1
0.000167451	0.000197537	1
0.000168289	0.000196019	1
0.000169283	0.000198241	1
0.000168836	0.000196949	1
0.000169281	0.000196544	1
0.000167751	0.000198743	1
0.000169852	0.000196732	1
0.000168774	0.00019793	1
0.000168954	0.000197248	1
0.000167856	0.000196104	1
0.000169034	0.0001978	1
0.000167878	0.000197908	1
0.000168267	0.000198182	1
0.000168407	0.000197566	1
0.000169999	0.000197057	1
0.000169049	0.000196461	1
0.00016793	0.000196485	1
0.000167606	0.000197068	1
0.00016942	0.000197218	1
0.000168786	0.000197367	1
0.000167622	0.000196988	1
0.000168233	0.000196408	1
0.00016781	0.000196633	1
0.000168911	0.000195998	1
0.000166876	0.000196583	1
0.000168752	0.000197883	1
0.000170013	0.000197959	1
0.000168895	0.000197374	1
0.000170631	0.000197135	1
0.000168324	0.000198491	1
0.000169656	0.000196717	1
0.000169138	0.000198467	1
0.000170122	0.000197059	1
0.000169051	0.000197298	1
0.000169598	0.000198911	1
0.000168036	0.000198085	1
0.000168966	0.000197245	1
0.000167439	0.000196658	1
0.000169828	0.00019844	1
0.000167962	0.000196999	1
0.00016834	0.000197135	1
0.000167584	0.000198149	1
0.000169639	0.000196814	1
0.000168539	0.000197107	1
0.000167957	0.000198828	1
0.000169677	0.00019659	1
0.000168032	0.000197891	1
0.000167134	0.000196004	1
0.000168093	0.000197431	1
0.00016865	0.000197617	1
0.000168941	0.000196284	1
0.000168753	0.000199128	1
0.000168538	0.000196959	1
0.000169417	0.000197108	1
0.00016791	0.000197714	1
0.00016768	0.000197071	1
0.000167743	0.000197257	1
0.000168764	0.000198872	1
0.000170379	0.000197148	1
0.000167473	0.000197841	1
0.000168961	0.000196327	1
0.0001686	0.000198892	1
0.000168831	0.000196674	1
0.00016871	0.000195867	1
0.000167774	0.000198905	1
0.000168544	0.000198536	1
0.000169207	0.000198663	1
0.00016993	0.000198258	1
0.000169692	0.0001969	1
0.000169039	0.000197842	1
0.00016899	0.000197095	1
0.000169545	0.000195942	1
0.000168113	0.000196927	1
0.000168726	0.000197017	1
0.000168963	0.000197476	1
0.000168607	0.000197582	1
0.000167936	0.000195544	1
0.000169	0.000196469	1
0.000167989	0.000198543	1
0.000168748	0.000196352	1
0.000168719	0.000197205	1
0.000168992	0.000195877	1
0.000167542	0.00019718	1
0.000168136	0.000197885	1
0.000169267	0.000197074	1
0.000169094	0.000197511	1
0.000168975	0.000198881	1
0.000169883	0.000197586	1
0.000169527	0.000197159	1
0.000168395	0.000196581	1
0.000168045	0.000197463	1
0.000168259	0.000197746	1
0.000167045	0.000197462	1
0.000167796	0.000196989	1
0.000167769	0.000197972	1
0.000166518	0.000198656	1
0.000169171	0.000198131	1
0.000169114	0.000195972	1
0.000168815	0.000198296	1
0.000167732	0.000198953	1
0.000168341	0.00019787	1
0.000166793	0.000196477	1
0.000169091	0.000198373	1
0.000169178	0.000197838	1
0.000166996	0.000197879	1
0.000168763	0.000196182	1
0.000169723	0.000198524	1
0.000168515	0.000197896	1
0.000168251	0.000198849	1
0.000169397	0.00019825	1
0.000168516	0.000197544	1
0.00016763	0.000196967	1
0.000169065	0.000196973	1
0.000167478	0.000196678	1
0.00016935	0.00019889	1
0.000167357	0.000195318	1
0.000168901	0.000198103	1
0.000168968	0.000197612	1
0.000167895	0.000197173	1
0.00016881	0.000196198	1
0.000168698	0.000197947	1
0.000168885	0.000198164	1
0.000168603	0.000196673	1
0.000169336	0.000197453	1
0.000169283	0.00019723	1
0.000168831	0.000197786	1
0.000169262	0.000198609	1
0.000166741	0.000197414	1
0.000169187	0.000197976	1
0.000168244	0.000199011	1
0.000168757	0.000196513	1
0.000168763	0.00019664	1
0.000169119	0.000197014	1
0.000169395	0.000197385	1
0.000167664	0.00019807	1
0.000168482	0.000196541	1
0.000167932	0.000196683	1
0.000168605	0.000198121	1
0.000169159	0.000198693	1
0.000168212	0.000197086	1
0.000169002	0.000198146	1
0.000166971	0.000196953	1
0.000168197	0.000197154	1
0.000167599	0.000196295	1
0.000170528	0.000196685	1
0.000168517	0.000197873	1
0.000168912	0.00019704	1
0.000168204	0.000196164	1
0.000167938	0.000197295	1
0.00016833	0.000196897	1
0.000168066	0.000196154	1
0.000169945	0.000197567	1
0.000168237	0.000196882	1
0.000168006	0.000197861	1
0.000168526	0.000197646	1
0.000168737	0.00019709	1
0.00016805	0.000197054	1
0.000169766	0.000197601	1
0.000168294	0.000197334	1
0.000168542	0.000196328	1
0.000168336	0.000196012	1
0.000168757	0.000197573	1
0.000167975	0.000198332	1
0.000169111	0.000198117	1
0.000168191	0.000198519	1
0.00016721	0.000196938	1
0.000169187	0.000199503	1
0.000168314	0.000197565	1
0.00016959	0.000197048	1
0.000168501	0.000196836	1
0.000168793	0.000197287	1
0.000167702	0.000197592	1
0.000168574	0.000196522	1
0.000170057	0.00019696	1
0.000168935	0.000199312	1
0.000168841	0.000197089	1
0.000167732	0.00019877	1
0.000168351	0.000196999	1
0.000168718	0.000196194	1
0.000167618	0.00019761	1
0.000170352	0.000197434	1
0.000168259	0.000197797	1
0.00016928	0.000195964	1
0.000168831	0.000199308	1
0.00016862	0.000197225	1
0.000171053	0.000197903	1
0.000166889	0.000196092	1
0.000169213	0.000196668	1
0.000168598	0.00019774	1
0.0001679	0.000197655	1
0.000169599	0.000197789	1
0.000168159	0.000195581	1
0.000167947	0.000197545	1
0.000169003	0.000197302	1
0.000167808	0.000197902	1
0.000168794	0.00019765	1
0.000168797	0.000197582	1
0.000169158	0.000196742	1
0.000168517	0.000198591	1
0.000169142	0.000197235	1
0.00016822	0.000199071	1
0.000168449	0.000196757	1
0.000166968	0.000198565	1
0.000168539	0.000197937	1
0.00016771	0.000196389	1
0.000169648	0.000197338	1
0.000168026	0.000196998	1
0.000168249	0.00019803	1
