2205
0.220337	-0.73913	0.636504
-0.105636	0.462473	0.880318
-0.332168	0.301546	0.893719
0.0676149	0.352244	0.933463
0.0653987	-0.192843	0.979048
0.2168	-0.740991	0.635555
-0.111455	0.460548	0.88061
-0.329182	0.304445	0.893841
0.0740744	0.356105	0.931505
0.0663925	-0.19378	0.978796
0.229002	-0.737757	0.635038
-0.116616	0.459887	0.880287
-0.334359	0.298318	0.893986
0.0636095	0.352075	0.933808
0.0688041	-0.191501	0.979078
0.237316	-0.735552	0.634543
0.0546741	0.351962	0.934416
0.0711757	-0.191446	0.978919
0.212263	-0.741448	0.636553
-0.324997	0.306301	0.894738
0.0641784	-0.19277	0.979143
0.213872	-0.744375	0.632585
-0.327564	0.303509	0.894754
0.0627167	-0.194411	0.978913
0.216541	-0.740938	0.635705
-0.332167	0.301302	0.893802
0.0658449	-0.193248	0.978938
0.232886	-0.736175	0.635461
0.0697462	-0.19265	0.978786
0.163686	-0.753209	0.637089
-0.0824615	0.467563	0.880105
-0.305983	0.319314	0.896891
0.110239	0.359762	0.926509
0.0492781	-0.198082	0.978946
0.163832	-0.752264	0.638168
-0.08177	0.469487	0.879145
-0.307926	0.318031	0.896682
0.110261	0.359422	0.926638
0.0501187	-0.198659	0.978786
0.168559	-0.75248	0.63668
-0.0862483	0.466971	0.880056
-0.313121	0.317418	0.895098
0.102891	0.359463	0.92747
0.0522834	-0.197706	0.978866
0.175053	-0.751429	0.636169
0.101321	0.358023	0.928199
0.054133	-0.197245	0.978859
0.164321	-0.753752	0.636283
-0.305822	0.319585	0.896849
0.0485131	-0.198417	0.978916
0.161865	-0.752809	0.638027
-0.30551	0.319396	0.897023
0.0494325	-0.198179	0.978918
0.164979	-0.753281	0.636671
-0.307521	0.317256	0.897095
0.0503022	-0.198667	0.978775
0.168932	-0.752504	0.636553
0.0510049	-0.197963	0.978882
0.130299	-0.758865	0.63808
-0.0632423	0.471233	0.879739
-0.288056	0.329737	0.899054
0.136854	0.360437	0.92269
0.0373478	-0.201283	0.978821
0.133016	-0.7584	0.638072
-0.0645334	0.471041	0.879748
-0.289104	0.328568	0.899145
0.13599	0.359249	0.92328
0.0378222	-0.201057	0.978849
0.135216	-0.757627	0.638528
-0.0658718	0.470659	0.879853
-0.290604	0.327803	0.898941
0.133921	0.3606	0.923056
0.0391567	-0.200828	0.978844
0.139474	-0.757542	0.637713
0.131669	0.360627	0.92337
0.0397924	-0.201086	0.978765
0.129415	-0.75891	0.638206
-0.287351	0.329818	0.899249
0.0371958	-0.201269	0.97883
0.129918	-0.75917	0.637795
-0.287332	0.329746	0.899282
0.0371823	-0.201481	0.978786
0.132976	-0.759518	0.63675
-0.289996	0.328969	0.898711
0.0382106	-0.201405	0.978762
0.136004	-0.757909	0.638026
0.0386593	-0.201202	0.978787
0.128474	-0.759097	0.638174
-0.0561348	0.4724	0.879595
-0.280848	0.33302	0.900123
0.147337	0.359358	0.921495
0.0328384	-0.201991	0.978837
0.130891	-0.75852	0.638369
-0.0560842	0.472511	0.879538
-0.281887	0.332732	0.899905
0.146693	0.360085	0.921314
0.0327978	-0.202028	0.97883
0.132437	-0.75853	0.638038
-0.0571716	0.472047	0.879717
-0.28359	0.331972	0.899651
0.144743	0.35993	0.921683
0.0335151	-0.201894	0.978834
0.139361	-0.757554	0.637723
0.141282	0.360031	0.922181
0.0351934	-0.201776	0.978799
0.128102	-0.759172	0.63816
-0.279968	0.333631	0.900171
0.0327849	-0.201873	0.978863
0.128474	-0.759234	0.638011
-0.280962	0.333924	0.899753
0.0332215	-0.202342	0.978751
0.130599	-0.759215	0.637602
-0.281667	0.332462	0.900074
0.0334398	-0.202208	0.978771
0.133785	-0.75812	0.638244
0.0341683	-0.201694	0.978852
0.161261	-0.751481	0.639743
-0.0633032	0.471663	0.879504
-0.287629	0.328689	0.899574
0.138692	0.360964	0.922209
0.0370349	-0.200971	0.978897
0.161134	-0.753097	0.637872
-0.0629701	0.47169	0.879513
-0.289259	0.329297	0.898829
0.137365	0.360591	0.922554
0.0372713	-0.200969	0.978888
0.17186	-0.750996	0.637549
-0.0649854	0.471024	0.879724
-0.291152	0.326889	0.899096
0.133785	0.359243	0.923605
0.0382643	-0.200844	0.978876
0.173446	-0.751669	0.636326
0.132577	0.360633	0.923237
0.0400693	-0.200957	0.97878
0.155979	-0.754259	0.637781
-0.287449	0.329545	0.899318
0.0365977	-0.201293	0.978847
0.16186	-0.752727	0.638125
-0.287026	0.32959	0.899436
0.0369023	-0.201491	0.978795
0.160946	-0.753882	0.636992
-0.287781	0.329456	0.899245
0.0371184	-0.201001	0.978887
0.163231	-0.753374	0.637011
0.0379035	-0.201181	0.978821
0.211245	-0.741788	0.636496
-0.080056	0.469282	0.879412
-0.307475	0.317468	0.897036
0.112552	0.359091	0.926491
0.0486831	-0.198241	0.978944
0.21465	-0.738087	0.639651
-0.0818379	0.468317	0.879762
-0.308686	0.317063	0.896763
0.111025	0.357536	0.927276
0.0487963	-0.197632	0.979061
0.221719	-0.73693	0.638572
-0.086531	0.467887	0.879542
-0.312643	0.315338	0.896
0.10803	0.357785	0.927534
0.0506574	-0.19754	0.978985
0.236633	-0.732892	0.637866
0.105195	0.358397	0.927624
0.053681	-0.196772	0.978979
0.20795	-0.742895	0.636289
-0.304332	0.319559	0.897365
0.0479227	-0.198753	0.978877
0.211982	-0.741283	0.636838
-0.30503	0.319638	0.8971
0.0477978	-0.19875	0.978884
0.216302	-0.740863	0.635874
-0.305331	0.319674	0.896985
0.0484564	-0.198993	0.978802
0.218637	-0.739621	0.636521
0.0493331	-0.198065	0.978947
0.26525	-0.724061	0.636693
-0.104586	0.463313	0.880002
-0.330757	0.301307	0.894323
0.0755685	0.351963	0.932959
0.0655215	-0.191603	0.979283
0.271657	-0.719642	0.638997
-0.106688	0.462109	0.880382
-0.331021	0.302715	0.89375
0.0772815	0.352002	0.932804
0.0644686	-0.192813	0.979115
0.289347	-0.719772	0.631036
-0.11172	0.461767	0.879938
-0.333047	0.300547	0.893729
0.0703715	0.35412	0.932549
0.0681357	-0.19192	0.979042
0.301285	-0.71345	0.632627
0.051846	0.350103	0.935275
0.0737113	-0.189848	0.979043
0.262629	-0.722405	0.639654
-0.325637	0.306125	0.894566
0.0638146	-0.194023	0.978919
0.265935	-0.723466	0.637083
-0.326285	0.304893	0.89475
0.0620654	-0.194149	0.979007
0.272894	-0.721948	0.635861
-0.329062	0.303711	0.894135
0.0651557	-0.192101	0.97921
0.280308	-0.723475	0.630881
0.0669672	-0.193517	0.978809
0.292043	-0.716972	0.632979
-0.122334	0.457531	0.880738
-0.346938	0.289237	0.892175
0.0469482	0.35336	0.934309
0.0758517	-0.18864	0.979113
0.298172	-0.713474	0.634072
-0.122958	0.459167	0.879799
-0.350566	0.286316	0.891699
0.0435717	0.347221	0.936771
0.0763808	-0.186888	0.979407
0.314004	-0.704636	0.63631
-0.127897	0.457339	0.880047
-0.358405	0.27981	0.890647
0.0378559	0.344519	0.938016
0.0806621	-0.186492	0.97914
0.331729	-0.700425	0.63195
0.022716	0.340799	0.939862
0.0882259	-0.185345	0.978705
0.287179	-0.718387	0.6336
-0.343046	0.292159	0.892727
0.0751212	-0.189628	0.978978
0.298765	-0.714081	0.63311
-0.341097	0.292903	0.89323
0.0736352	-0.189206	0.979173
0.289511	-0.718767	0.632106
-0.339392	0.290567	0.894642
0.0752942	-0.189358	0.979017
0.297022	-0.713252	0.634861
0.0770334	-0.188811	0.978987
0.272808	-0.722091	0.635737
-0.126598	0.4568	0.880515
-0.340958	0.292396	0.89345
0.0496886	0.350269	0.93533
0.0768497	-0.187846	0.979187
0.278694	-0.720739	0.634717
-0.129725	0.457904	0.879486
-0.348965	0.286777	0.892179
0.0461568	0.345624	0.937237
0.0777961	-0.188346	0.979017
0.283355	-0.719422	0.634146
-0.132275	0.454503	0.880869
-0.345518	0.286741	0.893531
0.0395717	0.34913	0.936238
0.079984	-0.186871	0.979123
0.303792	-0.713376	0.63151
0.0209015	0.342891	0.939142
0.0867102	-0.183826	0.979127
0.261871	-0.727613	0.634037
-0.339759	0.294859	0.893097
0.0737434	-0.190216	0.978969
0.26541	-0.724917	0.635651
-0.341517	0.295588	0.892185
0.0750735	-0.189336	0.979038
0.28082	-0.720122	0.63448
-0.345293	0.292269	0.891825
0.0773811	-0.18987	0.978755
0.30759	-0.712713	0.63042
0.0800377	-0.188734	0.978761
0.168949	-0.750185	0.63928
0.177857	-0.747707	0.639766
0.139491	-0.756387	0.639078
0.141822	-0.756346	0.638614
0.136909	-0.75798	0.637748
0.138846	-0.756842	0.63868
0.167849	-0.751968	0.637472
0.17043	-0.751615	0.637204
0.23461	-0.734823	0.63639
0.238275	-0.734434	0.635477
0.294007	-0.715337	0.633919
0.282619	-0.718176	0.635885
0.31582	-0.703492	0.636676
0.341651	-0.689914	0.638196
-0.108414	0.461741	0.880365
0.0745453	0.354422	0.932109
-0.114769	0.461088	0.879901
0.0725207	0.352295	0.933075
-0.118743	0.459195	0.880364
0.0621824	0.35245	0.933763
0.0541459	0.351129	0.93476
0.22722	-0.735454	0.638341
-0.122064	0.45914	0.879938
-0.331728	0.297905	0.895103
0.0576361	0.347867	0.935771
0.0672963	-0.189916	0.979491
0.220366	-0.734556	0.641768
-0.123751	0.45798	0.880307
-0.341068	0.292745	0.893293
0.058505	0.34788	0.935712
0.0684181	-0.190303	0.979338
0.245415	-0.726551	0.641791
-0.136339	0.456121	0.879412
-0.341516	0.29198	0.893373
0.0497263	0.341449	0.938584
0.0711657	-0.18924	0.979349
0.247683	-0.729203	0.6379
0.0346541	0.347888	0.936896
0.0741596	-0.189609	0.979055
-0.0827391	0.467708	0.880002
0.101576	0.355913	0.928982
-0.0885742	0.46672	0.879959
0.1099	0.357692	0.92735
-0.0901491	0.466169	0.880091
0.103554	0.356612	0.928496
0.0992292	0.359044	0.928031
0.174115	-0.748508	0.63986
-0.0963533	0.465958	0.879545
-0.309606	0.315454	0.897013
0.100353	0.355894	0.929123
0.0521202	-0.196738	0.97907
-0.0917862	0.4666	0.879693
-0.313099	0.31213	0.896964
0.0964629	0.354659	0.930007
0.0515832	-0.195701	0.979306
-0.0988377	0.464028	0.880289
-0.315895	0.311819	0.896091
0.0905291	0.352851	0.93129
0.0532681	-0.195797	0.979197
0.179188	-0.750253	0.636406
0.0855342	0.355968	0.930576
0.0553065	-0.196288	0.978985
-0.0649427	0.471065	0.879705
0.134611	0.359643	0.923329
-0.0661308	0.471051	0.879623
0.133922	0.359787	0.923373
-0.0678467	0.470729	0.879665
0.132312	0.360107	0.923481
0.131375	0.36059	0.923426
0.137678	-0.757163	0.638552
-0.0716081	0.469694	0.87992
-0.292038	0.327093	0.898735
0.130208	0.35792	0.924629
0.0393951	-0.200229	0.978957
-0.0718928	0.469868	0.879804
-0.292892	0.325962	0.898868
0.129169	0.358979	0.924364
0.0395411	-0.200272	0.978942
-0.0734563	0.470019	0.879595
-0.294842	0.325427	0.898424
0.125298	0.358858	0.924944
0.0402024	-0.200252	0.978919
0.141844	-0.757025	0.637803
0.121284	0.360218	0.924951
0.0414563	-0.200103	0.978897
-0.0586376	0.472216	0.87953
0.145897	0.359999	0.921474
-0.058413	0.472394	0.87945
0.144483	0.359646	0.921835
-0.0583232	0.472235	0.879541
0.142329	0.360048	0.922013
0.141471	0.360812	0.921847
0.136031	-0.758208	0.637664
-0.0623122	0.471586	0.879616
-0.284919	0.330639	0.899722
0.142087	0.359332	0.922329
0.0345432	-0.201633	0.978852
-0.0641766	0.470859	0.879871
-0.285171	0.330748	0.899602
0.139317	0.359535	0.922673
0.0350784	-0.201294	0.978903
-0.0629596	0.470878	0.879949
-0.285401	0.330774	0.899519
0.137688	0.359503	0.92293
0.0351226	-0.20138	0.978883
0.139457	-0.757644	0.637594
0.137859	0.359771	0.9228
0.0353252	-0.201633	0.978824
-0.0634507	0.471326	0.879674
0.135831	0.360157	0.92295
-0.0648511	0.471408	0.879527
0.134722	0.360142	0.923118
-0.0645667	0.471213	0.879653
0.135327	0.359936	0.92311
0.132724	0.360674	0.9232
0.169182	-0.750448	0.63891
-0.0700276	0.470466	0.879635
-0.290494	0.327837	0.898964
0.131453	0.359517	0.923833
0.0385452	-0.200914	0.97885
-0.0694576	0.470157	0.879846
-0.292564	0.327192	0.898527
0.128609	0.359927	0.924074
0.0388635	-0.200602	0.978902
-0.069679	0.470334	0.879733
-0.29178	0.327683	0.898603
0.127428	0.35964	0.924349
0.0389325	-0.200934	0.978831
0.170278	-0.751601	0.637261
0.128316	0.359947	0.924107
0.0392351	-0.201012	0.978803
-0.0835853	0.46757	0.879995
0.109958	0.359263	0.926736
-0.0854348	0.467104	0.880065
0.107528	0.359582	0.926897
-0.084975	0.467213	0.880052
0.105094	0.359325	0.927276
0.103963	0.358737	0.927631
0.22574	-0.73774	0.636224
-0.0951613	0.467717	0.878741
-0.310089	0.315743	0.896745
0.10216	0.357822	0.928185
0.0510405	-0.197434	0.978987
-0.0919814	0.465646	0.880178
-0.314655	0.313085	0.896086
0.0923125	0.357368	0.92939
0.0521914	-0.197637	0.978885
-0.0950247	0.464678	0.880366
-0.313514	0.312795	0.896587
0.0917841	0.358771	0.928902
0.0539851	-0.197246	0.978866
0.236247	-0.734561	0.636088
0.0930348	0.357116	0.929415
0.0525473	-0.197494	0.978895
-0.110736	0.460717	0.880612
0.07162	0.358144	0.930916
-0.108618	0.461238	0.880603
0.0700128	0.35473	0.932344
-0.112356	0.458186	0.881727
0.0632307	0.351616	0.934006
0.0625384	0.353369	0.933391
0.289126	-0.715604	0.63586
-0.119	0.454248	0.882892
-0.339614	0.296662	0.892555
0.042749	0.356097	0.933471
0.0685993	-0.192833	0.978831
-0.130856	0.457489	0.879534
-0.336582	0.297542	0.89341
0.0437034	0.349888	0.935771
0.0708223	-0.192215	0.978794
-0.125125	0.455588	0.881353
-0.341743	0.296784	0.891701
0.0521488	0.350895	0.934962
0.0684701	-0.191965	0.97901
0.304544	-0.709655	0.635329
0.0408789	0.344805	0.937784
0.0708363	-0.190858	0.979059
-0.12922	0.456507	0.880286
0.0421219	0.345375	0.937519
-0.130361	0.454952	0.880923
0.0417509	0.347807	0.936636
-0.130273	0.457957	0.879377
0.0319729	0.346702	0.93743
0.034736	0.34898	0.936486
0.308813	-0.708943	0.634062
-0.142026	0.453983	0.879618
-0.358123	0.28275	0.889832
0.0192464	0.327382	0.944696
0.0823029	-0.184666	0.979349
-0.149381	0.450129	0.88038
-0.357904	0.285053	0.889185
0.00873268	0.334995	0.94218
0.086449	-0.186525	0.978639
-0.152789	0.447586	0.881092
-0.354677	0.282207	0.891383
0.0169731	0.332673	0.942889
0.0828663	-0.184918	0.979254
0.321691	-0.707104	0.629697
0.00133989	0.335656	0.941984
0.0839765	-0.186247	0.978907
-0.127262	0.456881	0.880378
0.0398457	0.347893	0.936687
-0.13935	0.451714	0.881213
0.0408952	0.348151	0.936546
-0.133321	0.450544	0.882743
0.0238889	0.343731	0.938764
0.0287284	0.348849	0.936738
0.284738	-0.719882	0.633004
-0.142987	0.452	0.880483
-0.348984	0.289102	0.89142
0.00620898	0.332165	0.943201
0.0814639	-0.187016	0.978973
0.281272	-0.718241	0.636408
-0.153307	0.445945	0.881833
-0.351445	0.282193	0.892666
0.0210561	0.340882	0.93987
0.0796392	-0.187357	0.979058
0.305915	-0.70561	0.639165
-0.159128	0.444748	0.881406
-0.359479	0.279989	0.890158
0.00459535	0.332532	0.943081
0.0843143	-0.182142	0.979651
0.314269	-0.704609	0.636208
0.00529393	0.331286	0.943516
0.0864044	-0.184712	0.978987
0.258379	-0.722533	0.641238
-0.13391	0.454769	0.880485
-0.352694	0.285451	0.891137
0.0136578	0.339162	0.940629
0.0773815	-0.186315	0.979438
0.269126	-0.718461	0.641393
-0.140878	0.456091	0.878712
-0.355957	0.279226	0.891811
0.0325421	0.339069	0.940199
0.0772893	-0.186542	0.979402
0.273084	-0.712885	0.645925
-0.151137	0.450415	0.879934
-0.366167	0.266502	0.891571
0.025331	0.324217	0.945644
0.081774	-0.177348	0.980745
0.27731	-0.713727	0.643189
0.0209529	0.324061	0.945804
0.083088	-0.181976	0.979786
0.283516	-0.718627	0.634976
-0.365872	0.269416	0.890816
0.0830755	-0.183967	0.979416
0.283883	-0.712964	0.641166
-0.378664	0.256742	0.889212
0.0839033	-0.180868	0.979922
0.313998	-0.691911	0.650127
-0.390257	0.240963	0.888615
0.0891929	-0.174069	0.980686
0.312323	-0.699525	0.642743
0.0936151	-0.167215	0.981466
0.188201	-0.74327	0.641974
-0.103235	0.461077	0.881335
-0.326735	0.303426	0.895085
0.083638	0.351265	0.932533
0.0580547	-0.193081	0.979464
0.19027	-0.74412	0.640377
-0.107064	0.462907	0.879917
-0.329276	0.304029	0.893948
0.0778502	0.356172	0.931172
0.0584847	-0.194145	0.979228
0.196941	-0.742099	0.640705
-0.109941	0.46435	0.878802
-0.331851	0.298638	0.894813
0.0795475	0.347686	0.934231
0.0606448	-0.193454	0.979233
0.204217	-0.739931	0.640935
0.070275	0.353462	0.932806
0.0620466	-0.192207	0.979391
0.199405	-0.739317	0.643155
-0.33617	0.297805	0.893477
0.0610356	-0.192971	0.979304
0.206522	-0.739828	0.640315
-0.336032	0.294979	0.894466
0.0635514	-0.191997	0.979336
0.207992	-0.737741	0.642244
-0.345815	0.290134	0.89232
0.0632268	-0.190186	0.97971
0.213623	-0.736292	0.642058
0.0680589	-0.189994	0.979423
0.147413	-0.753407	0.640818
-0.0754368	0.469663	0.879617
-0.299309	0.322641	0.897951
0.122922	0.358243	0.925501
0.0424765	-0.198816	0.979116
0.151256	-0.754223	0.63896
-0.0769024	0.469515	0.879569
-0.302843	0.321183	0.897289
0.121575	0.357847	0.925832
0.0430119	-0.199176	0.979019
0.155692	-0.753311	0.63897
-0.0786198	0.469559	0.879394
-0.305085	0.319587	0.897099
0.11723	0.35668	0.926842
0.0448937	-0.19883	0.979005
0.154943	-0.753438	0.639002
0.117832	0.357422	0.92648
0.0451767	-0.199067	0.978944
0.154472	-0.7537	0.638807
-0.303803	0.319652	0.897511
0.0440033	-0.198594	0.979093
0.157437	-0.752842	0.639095
-0.306486	0.31907	0.896806
0.0449215	-0.198712	0.979028
0.165224	-0.751503	0.638705
-0.308492	0.314827	0.897617
0.0457326	-0.198002	0.979134
0.163892	-0.750609	0.640099
0.0469204	-0.197616	0.979156
0.144881	-0.755026	0.639488
-0.0643091	0.471375	0.879585
-0.29014	0.328141	0.898967
0.135556	0.358894	0.923482
0.0364392	-0.200694	0.978976
0.14856	-0.753806	0.640083
-0.0671117	0.470929	0.879615
-0.290934	0.32756	0.898922
0.135821	0.359111	0.923359
0.0380163	-0.200334	0.97899
0.151653	-0.755219	0.637688
-0.0693881	0.470399	0.879722
-0.291026	0.327871	0.898779
0.130498	0.3599	0.923819
0.0383106	-0.200355	0.978974
0.150309	-0.755523	0.637646
0.131732	0.358722	0.924102
0.0379524	-0.200624	0.978933
0.149904	-0.754683	0.638735
-0.292558	0.32734	0.898476
0.0374893	-0.200795	0.978916
0.151858	-0.75326	0.639952
-0.295917	0.323804	0.898657
0.0383512	-0.200316	0.978981
0.159078	-0.751573	0.640181
-0.29653	0.324831	0.898084
0.0400468	-0.200019	0.978973
0.164593	-0.750486	0.640062
0.0407182	-0.199902	0.978969
0.184933	-0.746951	0.638642
-0.0738032	0.469581	0.879799
-0.298247	0.323577	0.897968
0.126423	0.358255	0.925025
0.0410524	-0.199698	0.978997
0.189468	-0.744465	0.640214
-0.0758882	0.469525	0.879652
-0.300121	0.322721	0.897652
0.12427	0.358663	0.925158
0.0418545	-0.199664	0.97897
0.19074	-0.744647	0.639624
-0.0776097	0.468921	0.879824
-0.300669	0.323015	0.897363
0.120982	0.358505	0.925655
0.0424668	-0.199633	0.97895
0.190035	-0.745356	0.639008
0.119488	0.35868	0.925781
0.0428445	-0.199209	0.97902
0.187481	-0.74433	0.640955
-0.300805	0.322516	0.897497
0.0425364	-0.199272	0.979021
0.196862	-0.742529	0.640231
-0.30329	0.320859	0.897254
0.0432856	-0.199319	0.978978
0.205299	-0.740987	0.639367
-0.307387	0.318434	0.896723
0.045385	-0.198899	0.978969
0.210362	-0.737814	0.641388
0.0469223	-0.198003	0.979078
0.248748	-0.727379	0.639565
-0.101217	0.463813	0.880132
-0.321884	0.308372	0.895152
0.0956208	0.356342	0.92945
0.0547567	-0.195928	0.979088
0.260836	-0.726613	0.635609
-0.104373	0.462068	0.880681
-0.325728	0.308255	0.893801
0.0831393	0.354718	0.93127
0.057467	-0.195696	0.978979
0.264812	-0.722639	0.638489
-0.10348	0.462876	0.880362
-0.323832	0.307387	0.894789
0.0783666	0.352717	0.932443
0.0595341	-0.194792	0.979036
0.271002	-0.72029	0.638546
0.0762684	0.350829	0.933328
0.0579183	-0.194708	0.97915
0.260234	-0.721201	0.641988
-0.328427	0.304099	0.894237
0.0579278	-0.194319	0.979226
0.285661	-0.711465	0.64204
-0.332458	0.301146	0.893747
0.0599419	-0.19363	0.979242
0.289069	-0.711439	0.640542
-0.333953	0.300089	0.893545
0.0619777	-0.192524	0.979333
0.291882	-0.710695	0.640092
0.0642307	-0.190722	0.97954
0.334388	-0.696007	0.63542
-0.136974	0.452278	0.881296
-0.352728	0.282424	0.892087
0.0455156	0.346791	0.936837
0.0771894	-0.186762	0.979368
0.333186	-0.698242	0.633598
-0.135738	0.452998	0.881117
-0.351806	0.284813	0.891692
0.0179759	0.332157	0.943053
0.0778398	-0.186017	0.979458
0.348193	-0.686938	0.637869
-0.147198	0.453584	0.878973
-0.355933	0.282213	0.89088
0.0284718	0.339832	0.940055
0.0790001	-0.188295	0.97893
0.35317	-0.688569	0.63336
0.0230518	0.340212	0.940066
0.0807597	-0.184938	0.979426
0.347016	-0.685984	0.639535
-0.369373	0.273963	0.88798
0.077737	-0.185999	0.97947
0.366833	-0.676358	0.638728
-0.369006	0.281614	0.885736
0.0872882	-0.181231	0.979559
0.375585	-0.672174	0.638058
-0.370934	0.267712	0.889234
0.0879864	-0.178859	0.979932
0.386587	-0.667598	0.636289
0.0898853	-0.181404	0.979292
0.377185	-0.67315	0.636082
-0.164705	0.444149	0.880684
-0.371848	0.266174	0.889314
0.000905185	0.331203	0.943559
0.0918419	-0.177719	0.979786
0.376729	-0.669739	0.639941
-0.170393	0.442112	0.880626
-0.381111	0.258587	0.88763
-0.0256461	0.325266	0.945275
0.093177	-0.17972	0.979295
0.396263	-0.661897	0.636292
-0.170497	0.442565	0.880379
-0.386984	0.254444	0.886285
-0.0183068	0.329508	0.943975
0.0973586	-0.177528	0.979288
0.417157	-0.648398	0.636836
-0.0224481	0.320415	0.947011
0.0976395	-0.177206	0.979318
0.399639	-0.646254	0.650111
-0.39083	0.234527	0.890083
0.104799	-0.174389	0.979084
0.420919	-0.63704	0.645761
-0.39695	0.239411	0.886066
0.101677	-0.171481	0.979926
0.427999	-0.627843	0.6501
-0.409213	0.209935	0.88796
0.107572	-0.167153	0.980045
0.426278	-0.622992	0.655871
0.108074	-0.168498	0.979759
0.335551	-0.692966	0.638125
-0.162743	0.444813	0.880713
-0.372134	0.264884	0.88958
-0.0437367	0.30297	0.951996
0.0942584	-0.177415	0.979612
0.322696	-0.697128	0.640219
-0.173278	0.444073	0.879076
-0.376216	0.260389	0.88919
-0.00264071	0.324408	0.945914
0.0927039	-0.175339	0.980134
0.343557	-0.679413	0.648357
-0.179977	0.438425	0.880564
-0.384531	0.246602	0.889563
-0.0091438	0.315693	0.948817
0.0965233	-0.174248	0.97996
0.371057	-0.670227	0.642738
-0.0172324	0.299833	0.953836
0.0964483	-0.16788	0.981078
0.366442	-0.675957	0.639376
-0.384575	0.247649	0.889254
0.0993264	-0.172542	0.979981
0.358662	-0.670829	0.649115
-0.399489	0.227563	0.888045
0.102434	-0.169055	0.980269
0.366628	-0.656262	0.659472
-0.413349	0.207751	0.886556
0.105729	-0.163334	0.980889
0.417703	-0.604323	0.678467
0.116497	-0.151359	0.98159
0.19265	-0.742061	0.642053
0.200279	-0.742274	0.639466
0.152813	-0.752973	0.640062
0.157898	-0.75418	0.637402
0.14683	-0.755038	0.63903
0.155549	-0.753201	0.639134
0.190178	-0.743082	0.641609
0.197366	-0.741776	0.640948
0.258326	-0.724382	0.63917
0.272776	-0.715943	0.642666
0.355604	-0.679283	0.641966
0.38015	-0.66381	0.644082
0.385729	-0.662193	0.642428
0.389604	-0.659744	0.642609
-0.144022	0.452377	0.880121
0.0251432	0.336652	0.941294
-0.145027	0.450805	0.880762
0.0215844	0.334758	0.942057
-0.159381	0.440003	0.88374
-0.00144877	0.314221	0.949349
-0.0103368	0.316885	0.948408
0.265918	-0.720561	0.640375
-0.126027	0.4593	0.879296
-0.356958	0.275903	0.892445
0.0365944	0.344661	0.938014
0.0796375	-0.182104	0.980049
0.273697	-0.718341	0.639591
-0.137468	0.453828	0.880422
-0.375912	0.25912	0.889689
0.0407569	0.339568	0.939698
0.0809856	-0.179652	0.980391
0.292909	-0.704398	0.646551
-0.144436	0.453528	0.879461
-0.369945	0.262065	0.891326
0.0256928	0.326784	0.94475
0.0862748	-0.177639	0.980307
0.29627	-0.703699	0.64578
0.0196691	0.333076	0.942695
0.0896796	-0.176898	0.980135
-0.103	0.464075	0.879787
0.0771291	0.352616	0.932584
-0.108347	0.463413	0.879494
0.0826814	0.351756	0.932433
-0.110297	0.461543	0.880234
0.0747989	0.346675	0.934998
0.0697209	0.349461	0.934353
0.194615	-0.742808	0.640595
-0.0970253	0.464885	0.880038
-0.326587	0.303519	0.895107
0.0936523	0.357026	0.929388
0.0596925	-0.193388	0.979305
-0.0990467	0.463885	0.880341
-0.330975	0.300058	0.894663
0.0921108	0.353812	0.93077
0.058609	-0.193364	0.979375
-0.107119	0.462479	0.880136
-0.335969	0.29731	0.893718
0.0812623	0.351013	0.932838
0.06273	-0.191516	0.979483
0.205952	-0.740493	0.63973
0.0766671	0.353257	0.93238
0.0640249	-0.191146	0.979471
-0.0740341	0.469312	0.879923
0.120408	0.35766	0.926057
-0.0782612	0.469462	0.879477
0.11462	0.358019	0.926653
-0.0813602	0.468482	0.879719
0.116628	0.358093	0.926373
0.113509	0.359688	0.926143
0.146521	-0.754776	0.639409
-0.0711115	0.470094	0.879747
-0.303672	0.321137	0.897025
0.126598	0.359716	0.924433
0.0428863	-0.199239	0.979012
-0.0728562	0.4701	0.879601
-0.3038	0.317926	0.898125
0.12785	0.358392	0.924776
0.0436498	-0.198738	0.97908
-0.0766244	0.470082	0.87929
-0.303895	0.318266	0.897972
0.122072	0.359406	0.925163
0.0447803	-0.198769	0.979023
0.161686	-0.753041	0.637798
0.117513	0.359458	0.925732
0.0474126	-0.198775	0.978898
-0.0651946	0.471421	0.879495
0.137378	0.35948	0.922985
-0.0671611	0.470488	0.879847
0.134697	0.35871	0.92368
-0.0695115	0.470167	0.879836
0.131205	0.360049	0.923661
0.126386	0.359077	0.924711
0.143054	-0.755068	0.63985
-0.0605725	0.471875	0.879582
-0.290087	0.328444	0.898874
0.141485	0.359254	0.922452
0.0363022	-0.201208	0.978876
-0.0640555	0.470879	0.879869
-0.292617	0.327902	0.898251
0.139192	0.359782	0.922595
0.037479	-0.200619	0.978952
-0.0668957	0.470728	0.879739
-0.294033	0.326865	0.898167
0.134683	0.359965	0.923193
0.0387504	-0.20092	0.978841
0.161937	-0.752614	0.638239
0.131524	0.359709	0.923748
0.0397751	-0.20037	0.978913
-0.0746244	0.470001	0.879506
0.126811	0.359173	0.924616
-0.0766187	0.468362	0.880208
0.124935	0.358617	0.925087
-0.0791841	0.469218	0.879525
0.116525	0.357542	0.926599
0.114047	0.357804	0.926806
0.179025	-0.747145	0.640097
-0.069487	0.470545	0.879636
-0.297758	0.324386	0.897838
0.133057	0.359001	0.923804
0.0408118	-0.199438	0.97906
-0.0714943	0.470639	0.879425
-0.301118	0.321268	0.897839
0.127687	0.357833	0.925014
0.0420804	-0.19912	0.979071
-0.0763538	0.469377	0.87969
-0.305113	0.318757	0.897385
0.122028	0.359094	0.92529
0.0448901	-0.198638	0.979044
0.209164	-0.740506	0.638671
0.113703	0.357935	0.926798
0.0461292	-0.198654	0.978983
-0.0970871	0.464678	0.880141
0.0873427	0.35482	0.930846
-0.109838	0.461616	0.880253
0.0871107	0.353187	0.931488
-0.10913	0.461788	0.880252
0.0805829	0.34523	0.935052
0.0757094	0.350917	0.933341
0.266548	-0.718459	0.642471
-0.0949149	0.466168	0.87959
-0.324546	0.304438	0.895537
0.0990549	0.356262	0.929121
0.0561088	-0.195124	0.979172
-0.0982827	0.466229	0.879188
-0.325295	0.304072	0.89539
0.0993345	0.354663	0.929702
0.0564962	-0.194446	0.979285
-0.101837	0.46401	0.879957
-0.334711	0.300313	0.893186
0.0794374	0.35105	0.932981
0.0611991	-0.192189	0.979448
0.284549	-0.709824	0.644346
0.0781645	0.351717	0.932837
0.0624429	-0.192512	0.979306
-0.136796	0.454349	0.880258
0.0370379	0.343845	0.938296
-0.143327	0.451382	0.880745
0.00836065	0.330394	0.943806
-0.153499	0.44967	0.879906
0.0189236	0.313228	0.949489
0.0121282	0.338724	0.940807
0.358056	-0.686384	0.632988
-0.126206	0.457319	0.880302
-0.359038	0.279522	0.890483
0.040984	0.342702	0.93855
0.0778018	-0.187854	0.979111
-0.136253	0.454948	0.880033
-0.357184	0.278818	0.891448
0.0504565	0.342059	0.938323
0.081271	-0.183553	0.979644
-0.146068	0.449147	0.881437
-0.359808	0.272809	0.892252
0.0361929	0.321889	0.946085
0.0804658	-0.179844	0.980399
0.370098	-0.674924	0.638361
0.0229594	0.342019	0.939412
0.0851129	-0.182731	0.979472
-0.166189	0.44672	0.879103
-0.0116284	0.298437	0.954358
-0.173579	0.43539	0.883349
-0.0238783	0.313824	0.949181
-0.183537	0.437923	0.880078
-0.0379183	0.300282	0.953097
-0.0217946	0.320942	0.946848
0.358445	-0.668122	0.65202
-0.155215	0.450887	0.878982
-0.373676	0.26045	0.890243
0.0102957	0.333047	0.942854
0.0918917	-0.174382	0.980381
-0.16576	0.44332	0.880904
-0.381867	0.249782	0.889824
-0.00271079	0.329844	0.944032
0.0958306	-0.172371	0.980359
-0.177747	0.435117	0.882655
-0.390465	0.244947	0.887433
-0.00431222	0.326807	0.945081
0.100846	-0.170656	0.980156
0.412118	-0.653253	0.635153
-0.0488852	0.308241	0.950051
0.105591	-0.172119	0.979401
-0.166462	0.436334	0.884253
0.00168508	0.327926	0.944702
-0.174452	0.439414	0.881182
-0.0260549	0.310647	0.950168
-0.190431	0.428883	0.88306
-0.0560063	0.298531	0.952755
-0.0501577	0.291403	0.955284
0.336848	-0.687899	0.642906
-0.154543	0.448043	0.880553
-0.380888	0.254897	0.888792
0.00180995	0.337476	0.941332
0.0939932	-0.176925	0.979726
0.362086	-0.666303	0.65187
-0.162461	0.442798	0.88178
-0.390958	0.236153	0.889597
-0.00167174	0.325369	0.945585
0.0958525	-0.172242	0.98038
0.38862	-0.65754	0.645457
-0.178419	0.443415	0.878379
-0.38223	0.247162	0.8904
-0.0221534	0.315039	0.94882
0.10407	-0.168332	0.980221
0.394501	-0.655242	0.644226
-0.0346704	0.315858	0.948173
0.107947	-0.160943	0.981043
0.243201	-0.731041	0.63752
-0.119227	0.460354	0.879692
-0.350908	0.289182	0.890639
0.0556493	0.353275	0.933863
0.0740924	-0.188934	0.979191
0.250441	-0.727139	0.639178
-0.123018	0.457072	0.880881
-0.354444	0.278391	0.892675
0.0543847	0.347901	0.935953
0.0737806	-0.18777	0.979438
0.271813	-0.717248	0.641617
-0.12478	0.45658	0.880888
-0.369074	0.268996	0.889621
0.0355254	0.341435	0.939234
0.0815564	-0.180015	0.980277
0.264092	-0.720167	0.641572
0.04135	0.346685	0.93707
0.0821138	-0.183941	0.979501
0.177479	-0.747384	0.640249
-0.0860548	0.46582	0.880685
-0.317323	0.310017	0.896212
0.10447	0.35486	0.929064
0.0547303	-0.195702	0.979135
0.178042	-0.747918	0.639469
-0.0892734	0.465477	0.880546
-0.321963	0.306292	0.895838
0.0997981	0.357069	0.928731
0.0548973	-0.195478	0.97917
0.18499	-0.745756	0.640021
-0.0988628	0.464243	0.880173
-0.327892	0.305735	0.893875
0.0941296	0.358442	0.928794
0.0583104	-0.194447	0.979178
0.202382	-0.74344	0.637447
0.0900677	0.357025	0.929742
0.0596051	-0.19499	0.978992
0.139292	-0.756662	0.638795
-0.0672291	0.470571	0.879797
-0.29314	0.325695	0.898884
0.134064	0.359991	0.923273
0.0399502	-0.20035	0.978909
0.139015	-0.757641	0.637695
-0.0665231	0.470396	0.879944
-0.296985	0.324645	0.898001
0.132624	0.359867	0.923529
0.040387	-0.200137	0.978935
0.145751	-0.755149	0.639146
-0.0702912	0.470109	0.879805
-0.299618	0.322796	0.897793
0.1294	0.3591	0.924285
0.0421455	-0.199618	0.978967
0.150561	-0.754495	0.638802
0.125303	0.359421	0.924725
0.0435867	-0.199563	0.978915
0.136149	-0.756516	0.639646
-0.0581339	0.472298	0.87952
-0.285744	0.330121	0.89965
0.145066	0.359762	0.921698
0.0345676	-0.201439	0.978891
0.137625	-0.756153	0.63976
-0.0581127	0.472548	0.879387
-0.287865	0.329769	0.899103
0.144729	0.359963	0.921672
0.0345406	-0.201793	0.978819
0.14629	-0.754844	0.639383
-0.0611576	0.471661	0.879657
-0.290118	0.328462	0.898857
0.140545	0.359902	0.922344
0.036648	-0.201234	0.978857
0.154064	-0.753549	0.639084
0.1382	0.359156	0.922989
0.0377293	-0.200935	0.978878
0.17203	-0.748352	0.640606
-0.0649878	0.471673	0.879376
-0.293764	0.326083	0.898539
0.136377	0.358499	0.923515
0.0383068	-0.200678	0.978908
0.177965	-0.74631	0.641366
-0.0673383	0.470747	0.879695
-0.296355	0.324433	0.898286
0.135757	0.357432	0.92402
0.0398267	-0.199999	0.978986
0.182739	-0.744958	0.641595
-0.0707583	0.470367	0.87963
-0.298941	0.322741	0.898038
0.131459	0.358365	0.92428
0.0420251	-0.199835	0.978928
0.195479	-0.744753	0.638068
0.126113	0.357658	0.925298
0.0446633	-0.198914	0.978999
0.234342	-0.730482	0.641467
-0.0834247	0.46601	0.880837
-0.31548	0.310559	0.896675
0.106695	0.356283	0.928266
0.0535304	-0.197427	0.978855
0.235177	-0.738181	0.632282
-0.0896658	0.466695	0.879861
-0.323165	0.311054	0.893761
0.106265	0.357921	0.927685
0.0537441	-0.195708	0.979188
0.251229	-0.723978	0.642448
-0.0909299	0.469946	0.877999
-0.327708	0.305231	0.894115
0.100528	0.356268	0.92896
0.057368	-0.194872	0.97915
0.279295	-0.716017	0.639777
0.0901503	0.354376	0.930747
0.0598882	-0.194099	0.979152
0.284451	-0.708261	0.646106
-0.113317	0.460867	0.880205
-0.336005	0.299584	0.892944
0.0658112	0.347514	0.935363
0.0701753	-0.190863	0.979105
0.294767	-0.71525	0.633664
-0.119924	0.457951	0.880851
-0.344948	0.289377	0.892901
0.072435	0.351367	0.933432
0.0688898	-0.189758	0.979411
0.323538	-0.690056	0.647415
-0.123015	0.459436	0.879651
-0.357242	0.279571	0.891189
0.045917	0.347082	0.93671
0.0765159	-0.185149	0.979727
0.369045	-0.664461	0.649845
0.039774	0.341382	0.939083
0.0870063	-0.181634	0.97951
0.322697	-0.698158	0.639095
-0.135029	0.456431	0.879453
-0.363091	0.270842	0.891521
0.0353922	0.345129	0.937888
0.0898138	-0.180295	0.979504
0.333993	-0.686618	0.645759
-0.136092	0.453447	0.880832
-0.367532	0.266415	0.891035
0.0424825	0.332597	0.942112
0.0871787	-0.181438	0.97953
0.392106	-0.657511	0.643375
-0.149681	0.449884	0.880454
-0.382779	0.255236	0.887882
0.00903871	0.340129	0.940335
0.0959052	-0.177131	0.979503
0.41059	-0.655892	0.633421
-0.00894333	0.333058	0.942864
0.10644	-0.183002	0.977333
0.347023	-0.698294	0.626068
-0.136223	0.453718	0.880672
-0.361508	0.271715	0.891899
0.0288996	0.34243	0.939099
0.0865624	-0.182311	0.979423
0.317485	-0.694068	0.646121
-0.13544	0.45563	0.879805
-0.373329	0.26377	0.88941
0.0280658	0.342225	0.939199
0.0855873	-0.180261	0.979888
0.35164	-0.687508	0.635359
-0.157303	0.443924	0.882149
-0.381093	0.255313	0.888585
0.00689668	0.33626	0.941744
0.0995354	-0.173992	0.979704
0.353339	-0.681492	0.640874
0.000201213	0.335876	0.941906
0.101249	-0.176951	0.978998
-0.113275	0.461414	0.879924
-0.343121	0.292922	0.892449
0.252804	-0.725205	0.640444
-0.122296	0.456214	0.881427
-0.34366	0.291576	0.892682
0.047075	0.351694	0.934931
0.0750296	-0.189612	0.978988
0.236734	-0.733011	0.637692
-0.117852	0.463143	0.878413
-0.337664	0.29587	0.893557
0.0556496	0.35289	0.934009
0.0755516	-0.18908	0.979051
0.219552	-0.738269	0.637774
-0.10679	0.461516	0.880681
-0.329387	0.303715	0.894014
0.0701059	0.353622	0.932757
0.0665803	-0.192163	0.979102
-0.335109	0.301904	0.8925
0.233302	-0.736945	0.634415
-0.333479	0.29674	0.894839
0.0710889	-0.191312	0.978952
0.227825	-0.738445	0.634661
-0.33297	0.298781	0.894349
0.0703259	-0.191474	0.978975
0.22573	-0.730242	0.644819
-0.32947	0.304026	0.893878
0.0650312	-0.193153	0.979011
-0.0894175	0.466236	0.88013
-0.314059	0.312591	0.896467
0.179043	-0.751149	0.635388
-0.0916509	0.465181	0.880458
-0.315078	0.313223	0.895889
0.0926515	0.359989	0.928345
0.055731	-0.196225	0.978974
0.172272	-0.751081	0.637339
-0.0910706	0.463395	0.88146
-0.312297	0.314374	0.896459
0.0973811	0.361558	0.92725
0.0552725	-0.195826	0.97908
0.169247	-0.75134	0.637843
-0.0824098	0.468051	0.879851
-0.307661	0.317777	0.896863
0.104803	0.35799	0.927825
0.0511883	-0.197683	0.978929
-0.311131	0.316297	0.896189
0.174191	-0.750925	0.637
-0.310449	0.315661	0.896649
0.0535965	-0.197676	0.978801
0.174528	-0.750579	0.637316
-0.308874	0.316267	0.89698
0.0524698	-0.197793	0.978838
0.166357	-0.75198	0.637849
-0.308559	0.317575	0.896626
0.0510285	-0.19723	0.979028
-0.0679256	0.470785	0.879629
-0.292867	0.327375	0.898362
0.139263	-0.757734	0.63753
-0.0690157	0.470407	0.879746
-0.291287	0.326816	0.899079
0.130496	0.359734	0.923884
0.0410811	-0.200908	0.978748
0.137535	-0.758241	0.637302
-0.0656881	0.470843	0.879768
-0.291645	0.327869	0.898579
0.131851	0.3597	0.923705
0.0400497	-0.20088	0.978797
0.132487	-0.759067	0.637389
-0.0638701	0.471419	0.879594
-0.288496	0.328285	0.899444
0.134606	0.360019	0.923183
0.0383225	-0.200992	0.978843
-0.290572	0.32809	0.898846
0.13606	-0.757937	0.63798
-0.291646	0.327623	0.898669
0.0396065	-0.200855	0.97882
0.138175	-0.757849	0.63763
-0.290863	0.328094	0.898751
0.039513	-0.20084	0.978827
0.133568	-0.758802	0.637478
-0.288247	0.329484	0.899085
0.0383286	-0.200968	0.978848
-0.0590496	0.47191	0.879667
-0.284822	0.331739	0.899347
0.138674	-0.758193	0.637113
-0.0598188	0.471799	0.879675
-0.283581	0.331426	0.899855
0.142452	0.360613	0.921773
0.0356422	-0.201757	0.978787
0.136955	-0.75668	0.63928
-0.0588881	0.472242	0.8795
-0.28323	0.331701	0.899864
0.142625	0.360456	0.921808
0.0351542	-0.20175	0.978806
0.132314	-0.758325	0.638307
-0.0570302	0.472235	0.879626
-0.280575	0.333067	0.900191
0.145631	0.359971	0.921527
0.0335276	-0.201935	0.978825
-0.282507	0.332371	0.899844
0.133693	-0.7583	0.638049
-0.282827	0.331907	0.899915
0.034434	-0.201944	0.978792
0.134209	-0.758431	0.637786
-0.281459	0.332219	0.900229
0.0342931	-0.201972	0.978791
0.131232	-0.758796	0.637971
-0.281266	0.332919	0.90003
0.0339079	-0.201983	0.978802
-0.0677207	0.470573	0.879758
-0.291475	0.327946	0.898607
0.178414	-0.750096	0.636808
-0.0677394	0.470745	0.879665
-0.291824	0.326123	0.899157
0.132075	0.359361	0.923805
0.0403177	-0.200448	0.978874
0.171232	-0.75099	0.637726
-0.0651016	0.471222	0.879609
-0.290483	0.327927	0.898935
0.132738	0.360189	0.923388
0.0395163	-0.200356	0.978926
0.16256	-0.751616	0.639256
-0.0628959	0.471433	0.879656
-0.287768	0.329184	0.899348
0.137485	0.359909	0.922802
0.0374031	-0.201041	0.978869
-0.288919	0.328985	0.899052
0.169419	-0.751643	0.63744
-0.288408	0.328538	0.899379
0.0381493	-0.20112	0.978824
0.163888	-0.753186	0.637064
-0.287961	0.32943	0.899196
0.0386244	-0.200962	0.978837
0.160614	-0.752517	0.638687
-0.287209	0.3296	0.899375
0.0374055	-0.201319	0.978811
-0.0875015	0.466736	0.880057
-0.313744	0.314225	0.896006
0.247746	-0.731462	0.635284
-0.0907862	0.466941	0.879616
-0.313448	0.313922	0.896216
0.0996962	0.357772	0.928472
0.0537167	-0.197112	0.978908
0.227289	-0.736315	0.637323
-0.0846849	0.467351	0.880007
-0.309571	0.315637	0.896961
0.10522	0.358282	0.927665
0.0522531	-0.1968	0.97905
0.224541	-0.73504	0.639764
-0.0828186	0.468229	0.879717
-0.307621	0.317719	0.896897
0.109903	0.35812	0.927184
0.0498889	-0.197508	0.979031
-0.308831	0.31779	0.896456
0.233326	-0.73786	0.633341
-0.309783	0.317252	0.896318
0.0508361	-0.198438	0.978794
0.228186	-0.737507	0.635621
-0.306624	0.317764	0.897222
0.0500267	-0.198515	0.97882
0.21618	-0.741595	0.635061
-0.303634	0.320536	0.897253
0.0491924	-0.198526	0.97886
-0.116265	0.459369	0.880603
-0.337469	0.297113	0.893218
0.302823	-0.717679	0.627084
-0.117509	0.458938	0.880663
-0.337586	0.297107	0.893176
0.0547769	0.356655	0.932629
0.0724415	-0.190959	0.978921
0.287147	-0.714301	0.638217
-0.10955	0.460967	0.88063
-0.331575	0.300066	0.894437
0.0642806	0.35243	0.933628
0.0681597	-0.191014	0.979218
0.272857	-0.723879	0.633679
-0.108798	0.458296	0.882116
-0.333517	0.300872	0.893444
0.0716393	0.354995	0.932119
0.0663289	-0.192495	0.979054
-0.33087	0.300839	0.894439
0.294352	-0.712907	0.636491
-0.330724	0.301272	0.894347
0.0675989	-0.192481	0.97897
0.273797	-0.727355	0.629277
-0.32592	0.305288	0.894749
0.0652505	-0.193881	0.978853
0.268969	-0.723248	0.636057
-0.323981	0.304995	0.895553
0.0633022	-0.192816	0.979191
-0.139316	0.452929	0.880594
-0.351506	0.285656	0.89154
0.343979	-0.695081	0.631301
-0.132995	0.453188	0.881438
-0.354218	0.280768	0.89202
0.0268189	0.344583	0.938373
0.0857931	-0.182028	0.979543
0.318844	-0.710745	0.627041
-0.133149	0.453772	0.881114
-0.352086	0.286365	0.891084
0.0361228	0.350415	0.935898
0.0804204	-0.18722	0.979021
0.30344	-0.712115	0.633101
-0.125161	0.457685	0.880261
-0.345021	0.289734	0.892757
0.0426434	0.346747	0.936989
0.0832267	-0.185999	0.979019
-0.343654	0.291904	0.892577
0.30404	-0.713407	0.631356
-0.35019	0.289076	0.890956
0.0808784	-0.185489	0.979312
0.317762	-0.704492	0.634601
-0.34744	0.290151	0.891682
0.0820022	-0.189158	0.978517
0.307853	-0.707306	0.636352
-0.3427	0.292981	0.892591
0.0764829	-0.188444	0.979101
-0.137471	0.454034	0.880315
-0.357899	0.280975	0.890484
0.334946	-0.698176	0.632742
-0.144614	0.448492	0.88201
-0.356827	0.280734	0.89099
0.0169812	0.343827	0.93888
0.0874181	-0.183724	0.979083
0.303226	-0.709976	0.635601
-0.135626	0.456529	0.87931
-0.35917	0.279433	0.890457
0.0350431	0.347554	0.937005
0.081652	-0.187497	0.978865
0.278475	-0.718583	0.637253
-0.126374	0.456129	0.880895
-0.345726	0.288995	0.892724
0.0481029	0.3446	0.937516
0.0786301	-0.187581	0.979097
-0.348478	0.286293	0.892524
0.286941	-0.720713	0.631061
-0.348996	0.288476	0.891618
0.0815224	-0.188131	0.978755
0.287998	-0.715516	0.63647
-0.349093	0.288468	0.891583
0.0790498	-0.186039	0.979357
0.279283	-0.718659	0.636812
-0.341741	0.293823	0.892682
0.076413	-0.188263	0.979142
0.183401	-0.747643	0.638274
0.179705	-0.747831	0.639105
0.179293	-0.748376	0.638583
0.144155	-0.755338	0.639284
0.141597	-0.756367	0.638638
0.141362	-0.755863	0.639287
0.140111	-0.757621	0.637479
0.136844	-0.757545	0.638279
0.136059	-0.757352	0.638675
0.173143	-0.75033	0.637987
0.169314	-0.751472	0.637669
0.167255	-0.753856	0.635395
0.230327	-0.733419	0.639567
0.229894	-0.732438	0.640846
0.230032	-0.730125	0.64343
0.295396	-0.712253	0.636739
0.287756	-0.712178	0.640311
0.293385	-0.713544	0.636223
0.339985	-0.693656	0.635021
0.323532	-0.702726	0.633643
0.324985	-0.700159	0.635737
-0.124971	0.456264	0.881025
-0.116173	0.460494	0.880028
0.0450505	0.346975	0.936792
-0.116663	0.459818	0.880317
0.0548579	0.357472	0.932311
-0.112297	0.459843	0.880871
0.0605692	0.350915	0.934446
-0.145162	0.452436	0.879903
-0.342725	0.2911	0.893197
0.249844	-0.727864	0.638586
-0.134422	0.455504	0.880026
-0.345801	0.292324	0.89161
0.0295433	0.331709	0.942919
0.0763627	-0.187639	0.979265
0.244758	-0.731263	0.636669
-0.129227	0.457716	0.879657
-0.342156	0.294369	0.892343
0.0369116	0.346829	0.937202
0.0736088	-0.190192	0.978984
0.244994	-0.730723	0.637198
-0.123119	0.459156	0.879783
-0.334928	0.297433	0.894068
0.0539684	0.346525	0.936487
0.0718276	-0.18996	0.979161
-0.0905536	0.466372	0.879942
-0.0907671	0.468195	0.878951
0.0988309	0.357636	0.928617
-0.0919551	0.465836	0.88008
0.101693	0.359477	0.927596
-0.088921	0.467649	0.87943
0.104532	0.35617	0.928556
-0.101571	0.464982	0.879474
-0.319059	0.31022	0.895525
-0.10403	0.467111	0.878057
-0.318823	0.305191	0.897335
0.0875944	0.351478	0.932089
0.0560192	-0.194869	0.979228
-0.0946677	0.465401	0.880023
-0.317066	0.313023	0.895257
0.085913	0.351495	0.932239
0.0553163	-0.194874	0.979267
-0.0962125	0.464271	0.880452
-0.314231	0.311415	0.896816
0.0856667	0.351471	0.932271
0.0545497	-0.196033	0.979079
-0.0686989	0.470613	0.879661
-0.0690237	0.470544	0.879673
0.129429	0.35872	0.924428
-0.0697589	0.470465	0.879657
0.129224	0.359528	0.924143
-0.0667166	0.47145	0.879366
0.132572	0.359452	0.923698
-0.0725764	0.469284	0.88006
-0.297788	0.323785	0.898045
-0.0742711	0.469931	0.879573
-0.294013	0.325635	0.89862
0.122044	0.359502	0.925129
0.0419098	-0.19949	0.979003
-0.0733158	0.470109	0.879558
-0.29515	0.325188	0.898409
0.124373	0.357621	0.925548
0.0410457	-0.200041	0.978927
-0.0729969	0.470099	0.87959
-0.29397	0.325969	0.898513
0.126788	0.3578	0.925151
0.0404727	-0.200061	0.978947
-0.0594896	0.471653	0.879775
-0.0593902	0.471789	0.879709
0.140857	0.359807	0.922333
-0.0599026	0.471809	0.879664
0.14211	0.36004	0.92205
-0.0587299	0.472134	0.879568
0.143064	0.359814	0.92199
-0.0641727	0.471303	0.879633
-0.286173	0.330344	0.899432
-0.0629646	0.471512	0.879609
-0.286695	0.330649	0.899154
0.135461	0.359976	0.923075
0.0359435	-0.201376	0.978854
-0.0608336	0.472232	0.879373
-0.284725	0.331066	0.899626
0.140301	0.359298	0.922616
0.0350462	-0.201548	0.978851
-0.0624132	0.471533	0.879637
-0.284853	0.331487	0.89943
0.140276	0.359435	0.922567
0.0348134	-0.201566	0.978856
-0.0655068	0.471948	0.879189
-0.0658147	0.470658	0.879858
0.131642	0.36005	0.923598
-0.0674625	0.470506	0.879814
0.134144	0.360161	0.923195
-0.0654117	0.470916	0.87975
0.134805	0.360437	0.922991
-0.0709407	0.469957	0.879834
-0.292717	0.327289	0.898442
-0.069713	0.470213	0.879796
-0.290819	0.327273	0.899064
0.127063	0.359687	0.924381
0.0397493	-0.200801	0.978825
-0.0676847	0.470748	0.879667
-0.291181	0.327824	0.898747
0.129656	0.359754	0.923995
0.0386961	-0.200934	0.97884
-0.0681866	0.469602	0.880241
-0.291298	0.329686	0.898027
0.131929	0.35947	0.923783
0.0388634	-0.20085	0.978851
-0.0838819	0.468551	0.879445
-0.0880235	0.466571	0.880093
0.101318	0.357662	0.928339
-0.0864552	0.46785	0.879569
0.106381	0.356891	0.928069
-0.0868496	0.468378	0.879249
0.107319	0.359924	0.926789
-0.092318	0.465277	0.880338
-0.312162	0.314789	0.896361
-0.0910624	0.466173	0.879995
-0.311853	0.315533	0.896207
0.0954198	0.356478	0.929419
0.0511588	-0.198238	0.978818
-0.0913484	0.467289	0.879373
-0.313059	0.313801	0.896394
0.0980963	0.3573	0.928824
0.0520886	-0.197454	0.978927
-0.08986	0.466286	0.880058
-0.310484	0.314024	0.897211
0.0990835	0.355879	0.929264
0.049871	-0.197478	0.979038
-0.111046	0.460438	0.880719
-0.115544	0.459873	0.880435
0.0583525	0.350171	0.934866
-0.116767	0.459821	0.880301
0.0695208	0.353283	0.93293
-0.112266	0.460273	0.880651
0.0687307	0.354375	0.932574
-0.134636	0.453383	0.881089
-0.335934	0.297557	0.893649
-0.118141	0.46116	0.879417
-0.334046	0.296033	0.894862
0.040773	0.34597	0.937359
0.0696093	-0.190151	0.979284
-0.124114	0.456588	0.880979
-0.332109	0.297873	0.894972
0.0548658	0.350263	0.935043
0.0679759	-0.191089	0.979216
-0.11759	0.45868	0.880787
-0.334044	0.296121	0.894833
0.0530737	0.352457	0.934322
0.0682116	-0.193235	0.978778
-0.13484	0.45468	0.880389
-0.132037	0.453027	0.881665
0.0291908	0.346202	0.937706
-0.135776	0.454442	0.880368
0.0332785	0.347571	0.937063
-0.13144	0.455336	0.880564
0.0405552	0.344775	0.937809
-0.148505	0.444345	0.883462
-0.356916	0.285141	0.889554
-0.140994	0.456664	0.878395
-0.357098	0.2806	0.890923
0.00215924	0.327834	0.944733
0.086663	-0.185145	0.978882
-0.148788	0.449892	0.880602
-0.351608	0.283961	0.892041
0.0280147	0.340312	0.939895
0.0809877	-0.185721	0.979259
-0.151662	0.449483	0.88032
-0.352001	0.284407	0.891744
0.0238945	0.344785	0.938378
0.0811697	-0.185387	0.979307
-0.148114	0.452931	0.879156
-0.137174	0.453597	0.880587
0.0192116	0.343275	0.939038
-0.13638	0.452488	0.88128
0.0255085	0.340956	0.939733
-0.13588	0.451593	0.881817
0.0368112	0.346251	0.937419
-0.164594	0.446379	0.879576
-0.355069	0.280024	0.891915
0.337868	-0.698547	0.630775
-0.151551	0.44217	0.884035
-0.36011	0.274525	0.891604
-0.0137689	0.320471	0.947158
0.0850931	-0.180857	0.979821
0.31541	-0.708269	0.631563
-0.147208	0.451185	0.880206
-0.3536	0.281922	0.891901
0.0138945	0.335676	0.941875
0.0847824	-0.183829	0.979295
0.289717	-0.715773	0.6354
-0.146501	0.44938	0.881246
-0.344285	0.291555	0.892448
0.0179207	0.335067	0.942024
0.0821278	-0.185617	0.979184
-0.151929	0.452331	0.878814
-0.370053	0.266026	0.890107
0.292851	-0.702568	0.648565
-0.144028	0.449334	0.881677
-0.366867	0.271329	0.889825
0.0140373	0.330012	0.943872
0.0861846	-0.179126	0.980044
0.276836	-0.712232	0.645049
-0.138239	0.45548	0.879447
-0.359201	0.26092	0.896045
0.0337737	0.329358	0.943601
0.0851908	-0.177727	0.980385
0.270386	-0.714011	0.645818
-0.136464	0.454176	0.880399
-0.357211	0.273604	0.893052
0.0389619	0.338408	0.940193
0.0770005	-0.182943	0.980103
-0.396377	0.23484	0.887544
0.311984	-0.691096	0.65196
-0.37247	0.258042	0.891449
0.0944951	-0.172724	0.980427
0.282191	-0.711329	0.643723
-0.361314	0.272665	0.891687
0.0838021	-0.179545	0.980174
0.272553	-0.717817	0.640667
-0.362716	0.274893	0.890433
0.0811558	-0.182776	0.979799
-0.115424	0.45906	0.880875
-0.336686	0.295861	0.893929
0.201906	-0.740302	0.641238
-0.105255	0.46349	0.879828
-0.334533	0.296838	0.894413
0.0685833	0.343389	0.936686
0.0615632	-0.191117	0.979635
0.196934	-0.740531	0.642519
-0.101551	0.463778	0.880112
-0.328914	0.301905	0.894801
0.0791126	0.348638	0.933913
0.0624168	-0.190708	0.97966
0.200793	-0.739985	0.641954
-0.102825	0.463655	0.880029
-0.325988	0.303337	0.895387
0.0788745	0.353479	0.932111
0.059188	-0.193129	0.979386
-0.343058	0.289042	0.893737
0.22719	-0.732712	0.641497
-0.339273	0.291805	0.894284
0.067396	-0.187866	0.97988
0.208167	-0.736027	0.644151
-0.331053	0.300789	0.894388
0.0630885	-0.190813	0.979597
0.197256	-0.74225	0.640434
-0.332841	0.30157	0.893461
0.060613	-0.193436	0.979239
-0.0816248	0.46871	0.879573
-0.303744	0.319116	0.897722
0.152975	-0.754164	0.638619
-0.0772237	0.469151	0.879735
-0.301258	0.321073	0.897862
0.112321	0.357892	0.926983
0.0446465	-0.198565	0.97907
0.147887	-0.754611	0.63929
-0.0746684	0.469375	0.879836
-0.301217	0.321113	0.897861
0.119476	0.356788	0.926514
0.0432052	-0.198686	0.97911
0.145956	-0.755119	0.639134
-0.0754303	0.469484	0.879713
-0.302281	0.321565	0.897342
0.123086	0.358297	0.925458
0.0435644	-0.198609	0.97911
-0.31355	0.314046	0.896137
0.163564	-0.751148	0.63955
-0.308963	0.315707	0.897146
0.0479383	-0.197559	0.979118
0.158956	-0.75232	0.639334
-0.307113	0.317619	0.897107
0.0456166	-0.197839	0.979172
0.151772	-0.752643	0.640698
-0.305805	0.318928	0.897089
0.0440823	-0.198468	0.979116
-0.068057	0.470827	0.879596
-0.289996	0.327555	0.899227
0.148224	-0.755067	0.638673
-0.0657731	0.47121	0.879565
-0.289551	0.327263	0.899477
0.129839	0.359078	0.924232
0.0378473	-0.200807	0.978899
0.144535	-0.755137	0.639435
-0.0629864	0.471723	0.879494
-0.288378	0.32831	0.899472
0.13521	0.359193	0.923417
0.0366083	-0.200767	0.978955
0.143096	-0.755064	0.639845
-0.0635058	0.471576	0.879536
-0.287971	0.328858	0.899402
0.138326	0.358745	0.92313
0.0359963	-0.200878	0.978955
-0.299015	0.323292	0.897815
0.165486	-0.74986	0.640566
-0.296816	0.324572	0.898083
0.0405	-0.199874	0.978984
0.157821	-0.752306	0.639632
-0.294674	0.325577	0.898424
0.0386799	-0.200343	0.978962
0.147947	-0.753543	0.640534
-0.291701	0.32761	0.898656
0.037478	-0.200414	0.978994
-0.076127	0.469709	0.879533
-0.299802	0.322435	0.897861
0.183873	-0.745923	0.640148
-0.0727394	0.470106	0.879607
-0.295552	0.324772	0.898428
0.122151	0.357085	0.92605
0.0419939	-0.199643	0.978968
0.180187	-0.74803	0.638736
-0.0700762	0.470386	0.879674
-0.29597	0.324726	0.898306
0.121857	0.358177	0.925667
0.0409353	-0.199973	0.978946
0.179399	-0.747935	0.639069
-0.0707125	0.470876	0.879361
-0.296503	0.324697	0.898141
0.129686	0.358511	0.924474
0.0401005	-0.200058	0.978963
-0.30874	0.316508	0.896941
0.196908	-0.741837	0.641019
-0.305872	0.320717	0.896428
0.044952	-0.198409	0.979088
0.192131	-0.743929	0.640043
-0.302491	0.321757	0.897202
0.0440583	-0.199254	0.978957
0.184189	-0.743682	0.64266
-0.303399	0.319544	0.897686
0.0418471	-0.198938	0.979118
-0.100665	0.464198	0.879992
-0.324676	0.305063	0.895278
0.262191	-0.721383	0.640986
-0.098583	0.464834	0.879893
-0.320417	0.305296	0.896731
0.0880152	0.352628	0.931615
0.0558715	-0.19477	0.979256
0.247652	-0.728862	0.638301
-0.0936947	0.465681	0.879979
-0.31787	0.311311	0.895569
0.0894088	0.35532	0.930459
0.0544515	-0.195788	0.979133
0.248587	-0.727964	0.638962
-0.0985236	0.463531	0.880586
-0.319725	0.30915	0.895657
0.0941129	0.353909	0.930533
0.0543123	-0.195626	0.979174
-0.334527	0.298598	0.893829
0.279034	-0.710704	0.645786
-0.32834	0.303046	0.894626
0.0611778	-0.192069	0.979473
0.272521	-0.71802	0.640453
-0.328474	0.303926	0.894278
0.0585984	-0.194194	0.979211
0.263875	-0.71866	0.643349
-0.329592	0.3032	0.894113
0.0564125	-0.194049	0.979368
-0.138437	0.45335	0.880516
-0.356258	0.27996	0.891461
0.348014	-0.678545	0.646887
-0.134845	0.455942	0.879735
-0.358439	0.276709	0.891602
0.0212201	0.331329	0.943277
0.0793984	-0.183503	0.979807
0.320988	-0.691103	0.647567
-0.129568	0.456239	0.880374
-0.344582	0.291801	0.892253
0.04478	0.343176	0.938203
0.0735585	-0.187449	0.979516
0.315812	-0.714531	0.624266
-0.123965	0.456045	0.881281
-0.354907	0.280055	0.89197
0.0335205	0.339179	0.940124
0.0743966	-0.188666	0.979219
-0.377629	0.263013	0.887818
0.382772	-0.66897	0.637153
-0.366336	0.269027	0.890742
0.0837903	-0.18153	0.979809
0.353763	-0.679952	0.642275
-0.360458	0.27609	0.890979
0.0781133	-0.183772	0.97986
0.350478	-0.676633	0.647559
-0.355437	0.277735	0.892484
0.0771433	-0.184578	0.979786
-0.177137	0.436748	0.881972
-0.383969	0.252356	0.888191
0.4284	-0.633605	0.644219
-0.169742	0.441902	0.880858
-0.383203	0.250975	0.888913
-0.0524181	0.296147	0.953703
0.0982821	-0.172877	0.980028
0.354232	-0.681204	0.640687
-0.158241	0.447109	0.880371
-0.368791	0.269066	0.889717
0.000360552	0.326999	0.945024
0.0893173	-0.17971	0.979656
0.3649	-0.675181	0.641076
-0.167125	0.444285	0.880159
-0.380012	0.261135	0.887355
-0.00930134	0.325104	0.945632
0.091978	-0.180187	0.979322
-0.414496	0.229572	0.880619
0.484111	-0.582769	0.6527
-0.397238	0.234113	0.887352
0.109157	-0.162613	0.980633
0.427176	-0.625878	0.652532
-0.390212	0.243673	0.887895
0.0994604	-0.171156	0.980211
0.376382	-0.646435	0.66367
-0.391921	0.243209	0.88727
0.0971234	-0.173741	0.97999
-0.192863	0.434787	0.879639
-0.388792	0.240825	0.889294
0.380781	-0.657011	0.650648
-0.183728	0.447854	0.875026
-0.381024	0.251608	0.889671
-0.0582742	0.288962	0.955565
0.102779	-0.170265	0.980024
0.337114	-0.682391	0.648611
-0.156245	0.446779	0.880895
-0.371534	0.261693	0.890774
-0.000558565	0.319061	0.947734
0.0940071	-0.173009	0.980424
0.333684	-0.681553	0.651261
-0.158203	0.446594	0.880639
-0.373979	0.260765	0.890023
0.00770841	0.321746	0.946795
0.0886152	-0.178441	0.979952
-0.410264	0.208873	0.887725
0.399994	-0.656782	0.639251
-0.408525	0.231902	0.882796
0.111672	-0.163364	0.980225
0.355686	-0.677926	0.643353
-0.393494	0.245681	0.885891
0.102097	-0.17014	0.980117
0.356631	-0.67007	0.651015
-0.390702	0.242837	0.887909
0.0950994	-0.170322	0.980789
0.215225	-0.736743	0.641006
0.20683	-0.738885	0.641304
0.193529	-0.7422	0.641628
0.163639	-0.75103	0.639669
0.156084	-0.753248	0.638949
0.150203	-0.753326	0.640264
0.158854	-0.752676	0.63894
0.150745	-0.754202	0.639105
0.146273	-0.755025	0.639172
0.203332	-0.742111	0.638691
0.190201	-0.744846	0.639553
0.181849	-0.744445	0.642443
0.285478	-0.708959	0.644887
0.262589	-0.722901	0.63911
0.251378	-0.722963	0.643533
0.3875	-0.662764	0.640771
0.346475	-0.682572	0.643468
0.322048	-0.695073	0.642774
0.436678	-0.631962	0.640262
0.394748	-0.664979	0.634017
0.398725	-0.655115	0.641749
-0.166756	0.435509	0.884604
-0.152321	0.445617	0.88217
-0.0143403	0.321727	0.946724
-0.142666	0.452651	0.880201
0.0163209	0.331745	0.943228
-0.149593	0.448345	0.881254
0.0226283	0.335555	0.941749
-0.148377	0.449651	0.880794
-0.378795	0.257892	0.888823
0.33365	-0.688091	0.644367
-0.15098	0.447566	0.881413
-0.376102	0.265018	0.88787
0.002609	0.326469	0.945204
0.0924815	-0.177536	0.979759
0.312449	-0.702769	0.639133
-0.141481	0.455786	0.878773
-0.366218	0.269704	0.890587
0.0356586	0.34097	0.939398
0.0843617	-0.182019	0.979669
0.285382	-0.706669	0.647439
-0.135253	0.45464	0.880346
-0.364107	0.273403	0.890324
0.0426837	0.34257	0.938522
0.0813156	-0.182232	0.979887
-0.120386	0.459831	0.879808
-0.116807	0.46027	0.880061
0.0605359	0.343227	0.937299
-0.110596	0.461625	0.880154
0.0676743	0.3458	0.935865
-0.103256	0.464014	0.879789
0.0848772	0.350091	0.932862
-0.106407	0.462271	0.880331
-0.341999	0.29112	0.893468
-0.108918	0.460619	0.88089
-0.342167	0.293272	0.8927
0.0698467	0.350675	0.933889
0.0666254	-0.190042	0.979513
-0.103842	0.462818	0.88035
-0.336853	0.297708	0.893253
0.078195	0.353594	0.932125
0.0649137	-0.19099	0.979443
-0.10038	0.463658	0.88031
-0.332335	0.300031	0.894167
0.0908725	0.353938	0.930844
0.0600039	-0.192305	0.979499
-0.0825963	0.467895	0.879916
-0.0827732	0.467653	0.880028
0.109477	0.357347	0.927533
-0.077035	0.469733	0.879441
0.114256	0.356847	0.92715
-0.0751237	0.46993	0.879501
0.122369	0.357696	0.925786
-0.0784861	0.468732	0.879847
-0.308458	0.317445	0.896706
-0.0770483	0.469084	0.879786
-0.306038	0.318842	0.89704
0.117129	0.358295	0.926232
0.0472388	-0.198186	0.979025
-0.0743343	0.468883	0.880127
-0.305002	0.320412	0.896833
0.121722	0.358403	0.925598
0.0452633	-0.198492	0.979057
-0.0720743	0.469562	0.879953
-0.300682	0.321879	0.897766
0.125763	0.359178	0.924756
0.0433578	-0.199107	0.979018
-0.0701233	0.469855	0.879954
-0.0688221	0.470758	0.879574
0.127466	0.357863	0.925033
-0.0662717	0.471208	0.879529
0.132758	0.359186	0.923775
-0.0632985	0.471585	0.879546
0.137577	0.358659	0.923275
-0.0686333	0.47062	0.879662
-0.295757	0.325325	0.89816
-0.0656786	0.471016	0.879676
-0.293452	0.326497	0.898491
0.131642	0.359454	0.923831
0.03964	-0.200161	0.978961
-0.0628927	0.471473	0.879635
-0.290931	0.328038	0.898749
0.136796	0.35972	0.922978
0.0380381	-0.200742	0.978905
-0.0616566	0.471955	0.879464
-0.289856	0.328478	0.898936
0.139702	0.35956	0.922605
0.0367158	-0.200848	0.978934
-0.0806908	0.468746	0.87964
-0.0752446	0.469398	0.879775
0.11672	0.35875	0.926107
-0.0752533	0.470044	0.879429
0.119497	0.357266	0.926327
-0.0710509	0.470806	0.879371
0.126769	0.357958	0.925092
-0.0783331	0.469023	0.879705
-0.30564	0.319514	0.896937
-0.0744551	0.469763	0.879647
-0.301843	0.321585	0.897482
0.119929	0.358684	0.925723
0.0450593	-0.199119	0.978939
-0.070125	0.470537	0.879589
-0.298198	0.323207	0.898118
0.125968	0.358903	0.924835
0.0426242	-0.199378	0.978995
-0.0688201	0.470988	0.879451
-0.299445	0.321349	0.898369
0.130732	0.358234	0.924434
0.0416	-0.199182	0.979079
-0.112543	0.460804	0.880337
-0.101619	0.464321	0.879818
0.0728095	0.348183	0.934595
-0.100499	0.464321	0.879947
0.0824526	0.354326	0.93148
-0.0990143	0.464852	0.879834
0.0951579	0.352786	0.930853
-0.10719	0.462766	0.879976
-0.332383	0.299852	0.894209
-0.103557	0.462894	0.880344
-0.327605	0.302835	0.894967
0.0804302	0.352305	0.932423
0.0616906	-0.192432	0.979369
-0.0916824	0.466718	0.879641
-0.323461	0.306345	0.89528
0.0880534	0.355117	0.930666
0.0577065	-0.19463	0.979178
-0.0920665	0.465943	0.880012
-0.323001	0.307328	0.895109
0.10254	0.354725	0.929331
0.0550019	-0.194263	0.979406
-0.155325	0.449706	0.879567
-0.138985	0.453725	0.880237
0.0184591	0.331274	0.943354
-0.131478	0.456663	0.879871
0.0219819	0.339117	0.940487
-0.140071	0.451877	0.881015
0.0459829	0.339636	0.939432
-0.148071	0.450949	0.880182
-0.364095	0.269804	0.891426
-0.140642	0.454095	0.879783
-0.364206	0.275542	0.889624
0.0119196	0.329581	0.944052
0.084933	-0.181943	0.979634
-0.126055	0.456434	0.880783
-0.350637	0.284772	0.892165
0.0400088	0.340818	0.939278
0.0785045	-0.18563	0.979479
-0.120753	0.45859	0.880405
-0.353915	0.284489	0.89096
0.0568894	0.347147	0.936084
0.0734289	-0.187424	0.979531
-0.181283	0.43946	0.879779
-0.180463	0.439771	0.879792
-0.0563196	0.294343	0.954039
-0.168	0.442918	0.880681
-0.0109849	0.320828	0.947074
-0.161973	0.451446	0.877474
-0.00415363	0.324733	0.945797
-0.173095	0.441895	0.880209
-0.402347	0.234925	0.884831
-0.172054	0.442037	0.880341
-0.391454	0.237362	0.889057
-0.0305325	0.315397	0.948469
0.107977	-0.166827	0.980056
-0.154882	0.44558	0.881742
-0.379915	0.258469	0.888177
0.00473309	0.336977	0.941501
0.0967817	-0.175614	0.97969
-0.157234	0.450441	0.878852
-0.383163	0.248553	0.889611
0.00812979	0.332165	0.943186
0.0968133	-0.176407	0.979545
-0.19432	0.43027	0.881537
-0.179158	0.438149	0.880868
-0.0668041	0.296678	0.952638
-0.167733	0.442269	0.881058
-0.0257639	0.312716	0.949497
-0.165685	0.444154	0.880498
-0.0214076	0.30491	0.952141
-0.177481	0.437855	0.881353
-0.400487	0.232851	0.886223
0.435962	-0.640755	0.631957
-0.172101	0.442524	0.880087
-0.391649	0.2352	0.889546
-0.0469668	0.302437	0.952011
0.109918	-0.165433	0.980077
0.346012	-0.68386	0.642348
-0.150147	0.44715	0.881767
-0.382246	0.259056	0.887005
-0.00577857	0.33228	0.943163
0.101034	-0.171981	0.979906
0.349053	-0.685678	0.638754
-0.156355	0.444815	0.881869
-0.38012	0.257812	0.88828
0.00273951	0.328279	0.944577
0.0946619	-0.174583	0.980082
-0.132953	0.45395	0.881052
-0.362993	0.274803	0.890348
0.280524	-0.717582	0.637482
-0.134146	0.453108	0.881305
-0.353767	0.283349	0.891382
0.0283574	0.342247	0.939182
0.0821176	-0.181556	0.979946
0.248567	-0.727976	0.638956
-0.120319	0.459118	0.88019
-0.349815	0.287488	0.891617
0.0522286	0.342808	0.937953
0.0786248	-0.185681	0.979459
0.248942	-0.726324	0.640688
-0.116709	0.458168	0.88117
-0.346725	0.287215	0.892911
0.0600896	0.347603	0.935714
0.0752079	-0.187199	0.979439
-0.0956148	0.465011	0.880127
-0.32817	0.304248	0.89428
0.195221	-0.743105	0.640065
-0.0932246	0.463953	0.880941
-0.324524	0.308791	0.894054
0.0854451	0.354744	0.931051
0.0600324	-0.193975	0.979168
0.18495	-0.747452	0.638051
-0.092638	0.46536	0.88026
-0.321931	0.307827	0.895323
0.0983119	0.36047	0.927575
0.058252	-0.194866	0.979099
0.17941	-0.7487	0.63817
-0.0885723	0.466477	0.880088
-0.319343	0.309666	0.895615
0.101095	0.357952	0.928251
0.0555549	-0.1957	0.979089
-0.0728687	0.469605	0.879864
-0.301596	0.321799	0.897488
0.154019	-0.754538	0.637927
-0.0720344	0.469884	0.879784
-0.299207	0.323025	0.897847
0.124401	0.360181	0.924551
0.0436745	-0.19956	0.978912
0.146295	-0.755766	0.638291
-0.0688531	0.470265	0.879835
-0.295933	0.325274	0.89812
0.127771	0.359748	0.92426
0.0423453	-0.199764	0.978929
0.140126	-0.756751	0.638509
-0.0659269	0.470839	0.879752
-0.294092	0.325966	0.898474
0.132352	0.360017	0.92351
0.0405538	-0.20026	0.978903
-0.0631807	0.471451	0.879626
-0.290941	0.327898	0.898797
0.153142	-0.754278	0.638445
-0.0633486	0.471391	0.879646
-0.289123	0.328884	0.899023
0.137122	0.359907	0.922857
0.0377562	-0.201047	0.978854
0.144089	-0.755849	0.638694
-0.0599905	0.471967	0.879573
-0.286602	0.330002	0.899421
0.140201	0.359876	0.922406
0.0363087	-0.201331	0.97885
0.139959	-0.756349	0.639022
-0.0583572	0.471947	0.879693
-0.285016	0.330783	0.899638
0.143299	0.35976	0.921975
0.0349738	-0.201457	0.978873
-0.0734965	0.469784	0.879717
-0.301831	0.321204	0.897623
0.194686	-0.743938	0.63926
-0.0720652	0.469603	0.879932
-0.299485	0.322915	0.897794
0.124717	0.359371	0.924823
0.0439379	-0.199453	0.978922
0.185691	-0.746176	0.639328
-0.0682023	0.47093	0.87953
-0.294972	0.324992	0.898539
0.129859	0.359103	0.92422
0.041278	-0.199963	0.978934
0.17179	-0.749099	0.639796
-0.0651198	0.471097	0.879675
-0.292545	0.326808	0.898673
0.135386	0.359415	0.923305
0.0391147	-0.20015	0.978984
-0.0998287	0.464703	0.879821
-0.330035	0.302991	0.894021
0.265612	-0.725656	0.634724
-0.096073	0.465505	0.879815
-0.326635	0.305531	0.894405
0.0893729	0.357953	0.929452
0.0608799	-0.19343	0.979223
0.262186	-0.723443	0.638662
-0.0930345	0.465976	0.879893
-0.319746	0.308741	0.895791
0.0958818	0.354725	0.930041
0.0571614	-0.194243	0.979286
0.226676	-0.73339	0.640904
-0.0840658	0.4685	0.879455
-0.315193	0.314227	0.895497
0.110015	0.356774	0.92769
0.0521993	-0.196198	0.979174
-0.134214	0.454996	0.880321
-0.363703	0.273765	0.890378
0.37355	-0.671368	0.640098
-0.12829	0.461283	0.877929
-0.350516	0.282338	0.892986
0.0372262	0.34261	0.93874
0.0822641	-0.183767	0.979521
0.307756	-0.70317	0.640966
-0.121255	0.458904	0.880173
-0.34463	0.294094	0.891481
0.0552317	0.348038	0.935852
0.0755524	-0.187319	0.979389
0.310965	-0.70351	0.639042
-0.110395	0.459862	0.881102
-0.341609	0.29388	0.892714
0.0628322	0.34888	0.935059
0.0705564	-0.188555	0.979525
-0.163163	0.438868	0.883613
-0.38599	0.251797	0.887474
0.371818	-0.67677	0.6354
-0.152527	0.448027	0.880913
-0.37564	0.256006	0.890705
0.00821803	0.337899	0.941147
0.0968838	-0.175241	0.979747
0.347764	-0.689258	0.635597
-0.138951	0.452613	0.880814
-0.364604	0.276963	0.889019
0.0218961	0.345099	0.938311
0.0872705	-0.181615	0.97949
0.323106	-0.695121	0.642192
-0.12818	0.451454	0.88304
-0.369024	0.272049	0.888713
0.0339858	0.346374	0.937481
0.0854687	-0.182193	0.979541
-0.160366	0.443915	0.881602
-0.38679	0.246461	0.888623
0.362421	-0.679993	0.637386
-0.154569	0.445587	0.881794
-0.362053	0.274704	0.890761
-0.00854848	0.326858	0.945035
0.0926312	-0.175633	0.980088
0.323594	-0.700394	0.636188
-0.137771	0.453046	0.880777
-0.358259	0.278859	0.891004
0.0222965	0.345907	0.938004
0.0897657	-0.18257	0.979087
0.307599	-0.704171	0.639942
-0.131842	0.454521	0.880925
-0.35171	0.281084	0.892912
0.0455893	0.344966	0.937507
0.0853181	-0.183609	0.97929
