4 0 0  0 -1 -7.66483E-23 
0 4 0  0  0 -8.59089E-23 
4 0 0  0  0 -8.59089E-23 
0 4 0  0  1 -7.66483E-23 
1 2 0  0  0 6.61011E-22 
1 3 0  0  0 6.55388E-22 
1 4 0  0  0 1.30493E-21 
2 1 0  0  0 6.61011E-22 
2 4 0  0  0 1.30188E-21 
3 1 0  0  0 6.55388E-22 
3 4 0  0  0 1.30536E-21 
4 1 0  0  0 1.30493E-21 
4 2 0  0  0 1.30188E-21 
4 3 0  0  0 1.30536E-21 
4 1-1 -1  0 1.30425E-21 
3 1-1  0  0 6.53193E-22 
3 2-1  0  0 6.57455E-22 
4 2-1  0  0 1.30265E-21 
2 1 0 -1  0 6.60306E-22 
2 3 0 -1  0 6.56942E-22 
4 3 0 -1  0 1.30715E-21 
1 4 1  1  0 1.30425E-21 
1 2 0  1  0 6.60306E-22 
3 2 0  1  0 6.56942E-22 
3 4 0  1  0 1.30715E-21 
1 3 1  0  0 6.53193E-22 
2 3 1  0  0 6.57455E-22 
2 4 1  0  0 1.30265E-21 
1 0 0  0 -1 8.34175E-22 
2 0 0  0 -1 8.41673E-22 
3 0 0  0 -1 8.38709E-22 
0 1 0  0  0 8.3222E-22 
0 2 0  0  0 8.44141E-22 
0 3 0  0  0 8.41E-22 
1 0 0  0  0 8.3222E-22 
2 0 0  0  0 8.44141E-22 
3 0 0  0  0 8.41E-22 
0 1 0  0  1 8.34175E-22 
0 2 0  0  1 8.41673E-22 
0 3 0  0  1 8.38709E-22 
0 1-1 -1  0 8.34576E-22 
0 1-1 -1  1 8.35617E-22 
0 2-1  0  0 8.43179E-22 
0 2-1  0  1 8.42779E-22 
0 3 0 -1  0 8.39462E-22 
0 3 0 -1  1 8.4241E-22 
1 0 1  1 -1 8.35617E-22 
1 0 1  1  0 8.34576E-22 
3 0 0  1  0 8.39462E-22 
2 0 1  0  0 8.43179E-22 
2 0 1  0 -1 8.42779E-22 
3 0 0  1 -1 8.4241E-22 
0 0 0  0 -1 2.95154E-22 
1 1 0  0 -1 8.46111E-23 
2 2 0  0 -1 8.68382E-23 
3 3 0  0 -1 8.66139E-23 
4 4 0  0 -1 2.20268E-22 
1 1 0  0  1 8.46111E-23 
2 2 0  0  1 8.68382E-23 
3 3 0  0  1 8.66139E-23 
4 4 0  0  1 2.20268E-22 
0 0 0  0  1 2.95154E-22 
2 3 0  0  0 1.17504E-22 
3 2 0  0  0 1.17504E-22 
2 1-1 -1  0 1.18641E-22 
3 1-1 -1  0 1.17248E-22 
4 2-1 -1  0 9.00585E-23 
4 3-1 -1  0 9.12602E-23 
1 2-1  0  0 1.17552E-22 
3 4-1  0  0 9.09878E-23 
4 1-1  0  0 9.12442E-23 
1 3 0 -1  0 1.16575E-22 
2 4 0 -1  0 9.07795E-23 
4 1 0 -1  0 9.19651E-23 
1 2 1  1  0 1.18641E-22 
1 3 1  1  0 1.17248E-22 
2 4 1  1  0 9.00585E-23 
3 4 1  1  0 9.12602E-23 
1 4 0  1  0 9.19651E-23 
3 1 0  1  0 1.16575E-22 
4 2 0  1  0 9.07795E-23 
1 4 1  0  0 9.12442E-23 
2 1 1  0  0 1.17552E-22 
4 3 1  0  0 9.09878E-23 
2 3 1 -1  0 1.19298E-22 
3 2-1  1  0 1.19298E-22 
