0 3 9 0 0 0 8.126577e-22
1 5 10 0 0 0 8.528725e-22
2 9 3 0 0 0 8.126577e-22
3 10 5 0 0 0 8.528725e-22
4 0 8 0 0 0 8.482261e-22
5 6 11 0 0 0 8.142119e-22
6 8 0 0 0 0 8.482261e-22
7 11 6 0 0 0 8.142119e-22
8 1 8 0 0 0 8.001607e-22
9 7 11 0 0 0 8.481781e-22
10 8 1 0 0 0 8.001607e-22
11 11 7 0 0 0 8.481781e-22
12 2 9 0 0 -1 8.484344e-22
13 4 10 0 0 -1 8.155737e-22
14 9 2 0 0 1 8.484344e-22
15 10 4 0 0 1 8.155737e-22
16 2 6 -1 0 0 5.716258e-22
17 6 2 1 0 0 5.716258e-22
18 1 5 -1 0 0 5.598337e-22
19 0 2 0 -1 0 5.647524e-22
20 5 7 0 -1 0 5.643519e-22
21 2 0 0 1 0 5.647524e-22
22 7 5 0 1 0 5.643519e-22
23 5 1 1 0 0 5.598337e-22
24 0 4 0 0 0 5.619486e-22
25 1 3 0 0 0 5.566774e-22
26 3 1 0 0 0 5.566774e-22
27 3 7 0 0 0 5.653773e-22
28 4 0 0 0 0 5.619486e-22
29 4 6 0 0 0 5.616122e-22
30 6 4 0 0 0 5.616122e-22
31 7 3 0 0 0 5.653773e-22
32 0 6 -1 -1 0 5.830493e-22
33 1 7 -1 -1 0 5.898586e-22
34 6 0 1 1 0 5.830493e-22
35 7 1 1 1 0 5.898586e-22
36 3 5 -1 0 0 5.928386e-22
37 9 10 0 1 0 -1.428023e-22
38 5 3 1 0 0 5.928386e-22
39 10 9 1 0 0 -1.606025e-22
40 8 11 -1 -1 0 -1.602340e-22
41 2 4 -1 0 0 5.942806e-22
42 9 10 -1 0 0 -1.606025e-22
43 4 2 0 -1 0 5.838825e-22
44 10 9 0 -1 0 -1.428023e-22
45 8 11 0 0 0 -1.481215e-22
46 11 8 0 0 0 -1.481215e-22
47 2 4 0 1 0 5.838825e-22
48 4 2 1 0 0 5.942806e-22
49 11 8 1 1 0 -1.602340e-22
50 5 3 0 -1 0 5.996479e-22
51 3 5 0 1 0 5.996479e-22
52 0 6 0 0 0 5.951298e-22
53 1 7 0 0 0 6.013302e-22
54 6 0 0 0 0 5.951298e-22
55 7 1 0 0 0 6.013302e-22
56 0 4 -1 0 0 6.973488e-22
57 3 7 -1 0 0 6.872231e-22
58 1 3 0 -1 0 6.917893e-22
59 3 1 0 1 0 6.917893e-22
60 4 0 1 0 0 6.973488e-22
61 4 6 0 -1 0 6.991433e-22
62 6 4 0 1 0 6.991433e-22
63 7 3 1 0 0 6.872231e-22
64 0 2 0 0 0 6.990792e-22
65 2 0 0 0 0 6.990792e-22
66 1 5 0 0 0 6.967560e-22
67 2 6 0 0 0 6.937439e-22
68 5 1 0 0 0 6.967560e-22
69 5 7 0 0 0 6.892418e-22
70 6 2 0 0 0 6.937439e-22
71 7 5 0 0 0 6.892418e-22
72 10 7 0 -1 0 1.398206e-21
73 7 10 0 1 0 1.398206e-21
74 1 10 -1 0 0 1.389106e-21
75 8 2 0 -1 0 1.390019e-21
76 1 9 0 0 0 1.365666e-21
77 7 9 0 0 0 1.365137e-21
78 9 1 0 0 0 1.365666e-21
79 9 7 0 0 0 1.365137e-21
80 2 8 0 1 0 1.390019e-21
81 10 1 1 0 0 1.389106e-21
82 11 2 1 0 0 1.361709e-21
83 2 11 -1 0 0 1.361709e-21
84 8 5 -1 0 0 1.359402e-21
85 5 8 1 0 0 1.359402e-21
86 6 9 1 0 -1 1.387504e-21
87 9 6 -1 0 1 1.387504e-21
88 5 11 0 -1 0 1.393256e-21
89 4 8 0 0 0 1.391878e-21
90 4 11 0 0 0 1.365202e-21
91 8 4 0 0 0 1.391878e-21
92 11 4 0 0 0 1.365202e-21
93 11 5 0 1 0 1.393256e-21
94 0 9 0 -1 -1 1.382473e-21
95 0 10 0 0 -1 1.361837e-21
96 6 10 0 0 -1 1.354211e-21
97 10 0 0 0 1 1.361837e-21
98 10 6 0 0 1 1.354211e-21
99 9 0 0 1 1 1.382473e-21
100 3 11 0 0 0 1.377827e-21
101 11 3 0 0 0 1.377827e-21
102 3 8 0 0 0 1.359017e-21
103 8 3 0 0 0 1.359017e-21
104 9 5 -1 0 0 1.087464e-21
105 3 10 0 1 0 1.088569e-21
106 5 9 1 0 0 1.087464e-21
107 10 3 0 -1 0 1.088569e-21
108 8 6 -1 -1 0 1.084387e-21
109 3 10 -1 0 0 1.100826e-21
110 5 9 0 -1 0 1.085910e-21
111 10 3 1 0 0 1.100826e-21
112 6 8 1 1 0 1.084387e-21
113 0 11 -1 -1 0 1.083298e-21
114 8 7 -1 -1 0 1.085589e-21
115 0 11 0 0 0 1.091469e-21
116 11 0 0 0 0 1.091469e-21
117 9 5 0 1 0 1.085910e-21
118 7 8 1 1 0 1.085589e-21
119 11 0 1 1 0 1.083298e-21
120 4 9 1 0 -1 1.095234e-21
121 2 10 0 1 -1 1.077963e-21
122 10 2 0 -1 1 1.077963e-21
123 1 11 -1 -1 0 1.086566e-21
124 1 11 0 0 0 1.094577e-21
125 6 8 0 0 0 1.089627e-21
126 8 6 0 0 0 1.089627e-21
127 11 1 0 0 0 1.094577e-21
128 11 1 1 1 0 1.086566e-21
129 4 9 0 -1 -1 1.101371e-21
130 2 10 -1 0 -1 1.085845e-21
131 9 4 -1 0 1 1.095234e-21
132 9 4 0 1 1 1.101371e-21
133 10 2 1 0 1 1.085845e-21
134 7 8 0 0 0 1.085525e-21
135 8 7 0 0 0 1.085525e-21
136 9 7 -1 0 0 7.472568e-22
137 8 4 -1 0 0 7.292322e-22
138 1 9 0 -1 0 7.347918e-22
139 4 11 0 -1 0 7.519832e-22
140 1 10 0 0 0 7.439883e-22
141 10 1 0 0 0 7.439883e-22
142 9 1 0 1 0 7.347918e-22
143 11 4 0 1 0 7.519832e-22
144 4 8 1 0 0 7.292322e-22
145 7 9 1 0 0 7.472568e-22
146 7 10 0 0 0 7.573505e-22
147 10 7 0 0 0 7.573505e-22
148 6 10 0 1 -1 7.429309e-22
149 3 11 -1 0 0 7.520793e-22
150 8 3 0 -1 0 7.515987e-22
151 2 8 0 0 0 7.365221e-22
152 2 11 0 0 0 7.387492e-22
153 8 2 0 0 0 7.365221e-22
154 11 2 0 0 0 7.387492e-22
155 3 8 0 1 0 7.515987e-22
156 11 3 1 0 0 7.520793e-22
157 0 9 0 0 -1 7.550754e-22
158 0 10 -1 0 -1 7.390696e-22
159 9 0 0 0 1 7.550754e-22
160 10 6 0 -1 1 7.429309e-22
161 10 0 1 0 1 7.390696e-22
162 5 11 0 0 0 7.435397e-22
163 11 5 0 0 0 7.435397e-22
164 6 9 0 0 -1 7.452060e-22
165 9 6 0 0 1 7.452060e-22
166 5 8 0 0 0 7.544345e-22
167 8 5 0 0 0 7.544345e-22
168 0 1 0 0 -1 -3.415848e-23
169 6 7 0 0 -1 -3.173919e-23
170 1 0 0 0 1 -3.415848e-23
171 7 6 0 0 1 -3.173919e-23
172 2 3 0 0 0 -3.391815e-23
173 3 2 0 0 0 -3.391815e-23
174 4 5 0 0 0 -3.262038e-23
175 5 4 0 0 0 -3.262038e-23
176 2 3 0 0 -1 1.150205e-22
177 4 5 0 0 -1 1.139470e-22
178 3 2 0 0 1 1.150205e-22
179 5 4 0 0 1 1.139470e-22
180 0 1 0 0 0 1.132100e-22
181 1 0 0 0 0 1.132100e-22
182 6 7 0 0 0 1.145238e-22
183 7 6 0 0 0 1.145238e-22
184 0 4 -1 -1 0 1.086598e-22
185 1 3 -1 -1 0 1.078908e-22
186 3 7 -1 -1 0 1.072019e-22
187 4 6 -1 -1 0 1.066571e-22
188 2 0 -1 0 0 1.091725e-22
189 7 5 -1 0 0 1.069455e-22
190 5 1 0 -1 0 1.078107e-22
191 6 2 0 -1 0 1.069135e-22
192 1 5 0 1 0 1.078107e-22
193 2 6 0 1 0 1.069135e-22
194 0 2 1 0 0 1.091725e-22
195 5 7 1 0 0 1.069455e-22
196 3 1 1 1 0 1.078908e-22
197 4 0 1 1 0 1.086598e-22
198 6 4 1 1 0 1.066571e-22
199 7 3 1 1 0 1.072019e-22
200 3 5 -1 1 0 -1.063848e-23
201 4 2 1 -1 0 -1.227270e-23
202 2 4 -1 1 0 -1.227270e-23
203 5 3 1 -1 0 -1.063848e-23
204 0 6 -1 0 0 -1.002965e-23
205 6 0 1 0 0 -1.002965e-23
206 1 7 -1 0 0 -1.026997e-23
207 8 11 -1 0 0 1.760796e-23
208 1 7 0 -1 0 -1.182409e-23
209 8 11 0 -1 0 1.621406e-23
210 9 10 0 0 0 1.880959e-23
211 10 9 0 0 0 1.880959e-23
212 7 1 0 1 0 -1.182409e-23
213 11 8 0 1 0 1.621406e-23
214 7 1 1 0 0 -1.026997e-23
215 11 8 1 0 0 1.760796e-23
216 0 6 0 -1 0 -9.725233e-24
217 6 0 0 1 0 -9.725233e-24
218 9 10 -1 1 0 1.764000e-23
219 10 9 1 -1 0 1.764000e-23
220 2 4 0 0 0 -9.901472e-24
221 3 5 0 0 0 -8.876077e-24
222 4 2 0 0 0 -9.901472e-24
223 5 3 0 0 0 -8.876077e-24
224 0 2 -1 -1 0 2.946409e-23
225 1 5 -1 -1 0 2.645199e-23
226 2 6 -1 -1 0 2.545864e-23
227 5 7 -1 -1 0 2.595532e-23
228 3 1 -1 0 0 2.696469e-23
229 4 0 0 -1 0 2.752545e-23
230 0 4 0 1 0 2.752545e-23
231 1 3 1 0 0 2.696469e-23
232 2 0 1 1 0 2.946409e-23
233 5 1 1 1 0 2.645199e-23
234 6 2 1 1 0 2.545864e-23
235 7 5 1 1 0 2.595532e-23
236 6 4 -1 0 0 2.561886e-23
237 7 3 0 -1 0 2.706082e-23
238 3 7 0 1 0 2.706082e-23
239 4 6 1 0 0 2.561886e-23
240 0 7 -1 -1 -1 9.725233e-23
241 6 1 1 1 -1 9.962355e-23
242 1 6 -1 -1 1 9.962355e-23
243 7 0 1 1 1 9.725233e-23
244 0 7 0 0 -1 9.869429e-23
245 6 1 0 0 -1 9.880644e-23
246 1 6 0 0 1 9.880644e-23
247 7 0 0 0 1 9.869429e-23
248 2 5 -1 0 0 9.734846e-23
249 3 4 -1 0 0 9.922301e-23
250 4 3 0 -1 0 1.014821e-22
251 5 2 0 -1 0 1.001202e-22
252 3 4 0 1 0 1.014821e-22
253 4 3 1 0 0 9.922301e-23
254 5 2 1 0 0 9.734846e-23
255 2 5 0 1 0 1.001202e-22
256 6 3 1 0 -1 1.446769e-23
257 0 5 -1 0 -1 1.981897e-23
258 3 6 -1 0 1 1.446769e-23
259 5 0 1 0 1 1.981897e-23
260 0 3 0 -1 -1 1.552512e-23
261 4 7 0 -1 -1 1.610191e-23
262 4 1 1 0 -1 1.429145e-23
263 2 7 -1 0 -1 2.023553e-23
264 2 1 0 1 -1 2.114878e-23
265 6 5 0 1 -1 1.848916e-23
266 1 4 -1 0 1 1.429145e-23
267 3 0 0 1 1 1.552512e-23
268 7 4 0 1 1 1.610191e-23
269 1 2 0 -1 1 2.114878e-23
270 5 6 0 -1 1 1.848916e-23
271 7 2 1 0 1 2.023553e-23
272 8 10 -1 0 0 1.446929e-22
273 9 11 -1 0 0 1.185934e-22
274 8 9 0 -1 0 1.221182e-22
275 10 11 0 -1 0 1.473685e-22
276 8 9 0 0 0 1.398383e-22
277 8 10 0 0 0 1.048146e-22
278 9 8 0 0 0 1.398383e-22
279 9 11 0 0 0 1.456542e-22
280 10 8 0 0 0 1.048146e-22
281 10 11 0 0 0 1.100377e-22
282 11 9 0 0 0 1.456542e-22
283 11 10 0 0 0 1.100377e-22
284 9 8 0 1 0 1.221182e-22
285 11 10 0 1 0 1.473685e-22
286 10 8 1 0 0 1.446929e-22
287 11 9 1 0 0 1.185934e-22
288 0 3 0 0 -1 1.659858e-23
289 0 5 0 0 -1 1.767205e-23
290 2 7 0 0 -1 1.754387e-23
291 4 1 0 0 -1 1.698311e-23
292 6 3 0 0 -1 2.089243e-23
293 6 5 0 0 -1 1.765602e-23
294 1 4 0 0 1 1.698311e-23
295 3 0 0 0 1 1.659858e-23
296 3 6 0 0 1 2.089243e-23
297 5 0 0 0 1 1.767205e-23
298 5 6 0 0 1 1.765602e-23
299 7 2 0 0 1 1.754387e-23
300 0 5 -1 0 0 1.648643e-23
301 1 4 -1 0 0 1.913003e-23
302 2 7 -1 0 0 1.422736e-23
303 3 6 -1 0 0 1.723946e-23
304 1 2 0 -1 0 1.461188e-23
305 4 7 0 -1 0 2.078027e-23
306 2 1 0 1 0 1.461188e-23
307 7 4 0 1 0 2.078027e-23
308 4 1 1 0 0 1.913003e-23
309 5 0 1 0 0 1.648643e-23
310 6 3 1 0 0 1.723946e-23
311 7 2 1 0 0 1.422736e-23
312 2 1 0 0 -1 1.579749e-23
313 4 7 0 0 -1 1.719139e-23
314 1 2 0 0 1 1.579749e-23
315 7 4 0 0 1 1.719139e-23
316 0 3 0 -1 0 1.595771e-23
317 5 6 0 -1 0 1.627815e-23
318 3 0 0 1 0 1.595771e-23
319 6 5 0 1 0 1.627815e-23
320 8 9 0 -1 -1 1.493873e-22
321 8 9 0 0 -1 1.138349e-22
322 8 10 0 0 -1 1.460067e-22
323 11 9 0 0 -1 1.049107e-22
324 11 10 0 0 -1 1.435553e-22
325 11 9 1 0 -1 1.478972e-22
326 8 10 -1 0 -1 1.064008e-22
327 11 10 0 1 -1 1.185293e-22
328 0 3 0 0 0 1.804055e-23
329 0 5 0 0 0 1.863335e-23
330 1 2 0 0 0 1.815270e-23
331 1 4 0 0 0 1.329809e-23
332 2 1 0 0 0 1.815270e-23
333 2 7 0 0 0 1.930627e-23
334 3 0 0 0 0 1.804055e-23
335 3 6 0 0 0 1.549308e-23
336 4 1 0 0 0 1.329809e-23
337 4 7 0 0 0 1.369864e-23
338 5 0 0 0 0 1.863335e-23
339 5 6 0 0 0 1.989908e-23
340 6 3 0 0 0 1.549308e-23
341 6 5 0 0 0 1.989908e-23
342 7 2 0 0 0 1.930627e-23
343 7 4 0 0 0 1.369864e-23
344 9 11 -1 0 1 1.478972e-22
345 9 8 0 0 1 1.138349e-22
346 9 11 0 0 1 1.049107e-22
347 10 8 0 0 1 1.460067e-22
348 10 11 0 0 1 1.435553e-22
349 9 8 0 1 1 1.493873e-22
350 10 11 0 -1 1 1.185293e-22
351 10 8 1 0 1 1.064008e-22
352 9 5 -1 1 0 1.560203e-22
353 5 9 1 -1 0 1.560203e-22
354 8 6 -1 0 0 1.598335e-22
355 6 8 1 0 0 1.598335e-22
356 10 2 1 -1 1 1.559081e-22
357 1 11 -1 0 0 1.594490e-22
358 0 11 0 -1 0 1.589523e-22
359 8 7 0 -1 0 1.571739e-22
360 3 10 0 0 0 1.589843e-22
361 10 3 0 0 0 1.589843e-22
362 7 8 0 1 0 1.571739e-22
363 11 0 0 1 0 1.589523e-22
364 11 1 1 0 0 1.594490e-22
365 2 10 -1 1 -1 1.559081e-22
366 4 9 0 0 -1 1.592887e-22
367 9 4 0 0 1 1.592887e-22
368 1 9 -1 -1 0 8.627739e-23
369 9 7 -1 -1 0 9.042704e-23
370 10 1 0 -1 0 8.637352e-23
371 1 10 0 1 0 8.637352e-23
372 7 9 1 1 0 9.042704e-23
373 9 1 1 1 0 8.627739e-23
374 11 2 0 -1 0 9.093974e-23
375 2 11 0 1 0 9.093974e-23
376 8 4 -1 -1 0 8.872873e-23
377 2 8 -1 0 0 8.749505e-23
378 11 5 -1 0 0 9.281429e-23
379 5 11 1 0 0 9.281429e-23
380 8 2 1 0 0 8.749505e-23
381 4 8 1 1 0 8.872873e-23
382 0 10 -1 -1 -1 8.872873e-23
383 0 9 1 0 -1 9.033091e-23
384 6 10 1 1 -1 8.844034e-23
385 10 6 -1 -1 1 8.844034e-23
386 9 0 -1 0 1 9.033091e-23
387 10 0 1 1 1 8.872873e-23
388 4 11 -1 -1 0 9.090769e-23
389 8 3 -1 -1 0 8.778344e-23
390 7 10 -1 0 0 8.965799e-23
391 10 7 1 0 0 8.965799e-23
392 3 8 1 1 0 8.778344e-23
393 11 4 1 1 0 9.090769e-23
394 3 11 -1 -1 0 8.893701e-23
395 5 8 0 -1 0 9.161265e-23
396 8 5 0 1 0 9.161265e-23
397 11 3 1 1 0 8.893701e-23
398 6 9 0 -1 -1 9.025080e-23
399 9 6 0 1 1 9.025080e-23
400 4 3 0 -1 -1 2.797406e-23
401 4 3 1 0 -1 2.869504e-23
402 3 4 -1 0 1 2.869504e-23
403 3 4 0 1 1 2.797406e-23
404 5 2 1 0 1 3.032927e-23
405 2 5 -1 0 -1 3.032927e-23
406 2 5 0 1 -1 2.811826e-23
407 5 2 0 -1 1 2.811826e-23
408 0 7 -1 -1 0 2.845472e-23
409 1 6 -1 -1 0 2.840665e-23
410 6 1 1 1 0 2.840665e-23
411 7 0 1 1 0 2.845472e-23
412 0 7 0 0 0 2.973646e-23
413 1 6 0 0 0 2.944807e-23
414 6 1 0 0 0 2.944807e-23
415 7 0 0 0 0 2.973646e-23
416 1 10 -1 -1 0 1.267004e-22
417 10 7 -1 -1 0 1.269888e-22
418 9 1 -1 0 0 1.237684e-22
419 11 4 -1 0 0 1.217176e-22
420 1 9 1 0 0 1.237684e-22
421 4 11 1 0 0 1.217176e-22
422 7 10 1 1 0 1.269888e-22
423 10 1 1 1 0 1.267004e-22
424 8 2 -1 -1 0 1.248899e-22
425 4 8 0 -1 0 1.234800e-22
426 11 3 0 -1 0 1.266203e-22
427 3 11 0 1 0 1.266203e-22
428 8 4 0 1 0 1.234800e-22
429 9 7 0 1 0 1.261076e-22
430 2 8 1 1 0 1.248899e-22
431 0 9 -1 -1 -1 1.273733e-22
432 6 9 1 1 -1 1.255148e-22
433 0 10 0 1 -1 1.252264e-22
434 9 6 -1 -1 1 1.255148e-22
435 9 0 1 1 1 1.273733e-22
436 10 0 0 -1 1 1.252264e-22
437 2 11 -1 -1 0 1.239607e-22
438 8 5 -1 -1 0 1.250501e-22
439 3 8 -1 0 0 1.233358e-22
440 7 9 0 -1 0 1.261076e-22
441 8 3 1 0 0 1.233358e-22
442 5 8 1 1 0 1.250501e-22
443 11 2 1 1 0 1.239607e-22
444 5 11 -1 -1 0 1.262358e-22
445 11 5 1 1 0 1.262358e-22
446 6 10 -1 0 -1 1.214773e-22
447 10 6 1 0 1 1.214773e-22
448 3 10 -1 1 0 1.351439e-22
449 10 3 1 -1 0 1.351439e-22
450 0 11 -1 0 0 1.322439e-22
451 8 7 -1 0 0 1.318113e-22
452 1 11 0 -1 0 1.334135e-22
453 5 9 0 0 0 1.332052e-22
454 9 5 0 0 0 1.332052e-22
455 11 1 0 1 0 1.334135e-22
456 7 8 1 0 0 1.318113e-22
457 11 0 1 0 0 1.322439e-22
458 9 4 -1 1 1 1.353361e-22
459 4 9 1 -1 -1 1.353361e-22
460 8 6 0 -1 0 1.357848e-22
461 6 8 0 1 0 1.357848e-22
462 2 10 0 0 -1 1.322439e-22
463 10 2 0 0 1 1.322439e-22
464 11 11 1 1 0 1.190900e-22
465 0 0 -1 -1 0 1.361853e-23
466 1 1 -1 -1 0 1.188818e-23
467 2 2 -1 -1 0 1.735161e-23
468 3 3 -1 -1 0 1.598976e-23
469 4 4 -1 -1 0 1.467597e-23
470 5 5 -1 -1 0 1.925820e-23
471 6 6 -1 -1 0 8.795968e-24
472 7 7 -1 -1 0 1.169591e-23
473 8 8 -1 -1 0 1.188016e-22
474 9 9 -1 -1 0 1.196188e-22
475 10 10 -1 -1 0 1.207884e-22
476 11 11 -1 -1 0 1.190900e-22
477 0 0 1 1 0 1.361853e-23
478 1 1 1 1 0 1.188818e-23
479 2 2 1 1 0 1.735161e-23
480 3 3 1 1 0 1.598976e-23
481 4 4 1 1 0 1.467597e-23
482 5 5 1 1 0 1.925820e-23
483 6 6 1 1 0 8.795968e-24
484 7 7 1 1 0 1.169591e-23
485 8 8 1 1 0 1.188016e-22
486 9 9 1 1 0 1.196188e-22
487 10 10 1 1 0 1.207884e-22
488 0 0 -1 0 0 6.905396e-23
489 1 1 -1 0 0 6.794845e-23
490 2 2 -1 0 0 6.852524e-23
491 4 4 -1 0 0 7.267488e-23
492 5 5 -1 0 0 7.152132e-23
493 6 6 -1 0 0 6.897385e-23
494 7 7 -1 0 0 6.865341e-23
495 8 8 -1 0 0 4.391575e-23
496 10 10 -1 0 0 4.122409e-23
497 11 11 -1 0 0 3.617722e-23
498 0 0 0 -1 0 6.757995e-23
499 1 1 0 -1 0 6.633025e-23
500 2 2 0 -1 0 7.171358e-23
501 3 3 0 -1 0 7.120088e-23
502 5 5 0 -1 0 6.898987e-23
503 6 6 0 -1 0 6.847717e-23
504 7 7 0 -1 0 6.868546e-23
505 8 8 0 -1 0 3.965395e-23
506 9 9 0 -1 0 4.034289e-23
507 11 11 0 -1 0 4.098376e-23
508 0 0 0 1 0 6.757995e-23
509 1 1 0 1 0 6.633025e-23
510 2 2 0 1 0 7.171358e-23
511 4 4 0 1 0 7.028764e-23
512 8 8 0 1 0 3.965395e-23
513 10 10 0 1 0 4.180088e-23
514 11 11 0 1 0 4.098376e-23
515 0 0 1 0 0 6.905396e-23
516 1 1 1 0 0 6.794845e-23
517 2 2 1 0 0 6.852524e-23
518 3 3 1 0 0 6.782028e-23
519 8 8 1 0 0 4.391575e-23
520 9 9 1 0 0 4.287434e-23
521 11 11 1 0 0 3.617722e-23
522 3 3 -1 0 0 6.782028e-23
523 9 9 -1 0 0 4.287434e-23
524 4 4 0 -1 0 7.028764e-23
525 10 10 0 -1 0 4.180088e-23
526 3 3 0 1 0 7.120088e-23
527 5 5 0 1 0 6.898987e-23
528 6 6 0 1 0 6.847717e-23
529 7 7 0 1 0 6.868546e-23
530 9 9 0 1 0 4.034289e-23
531 4 4 1 0 0 7.267488e-23
532 5 5 1 0 0 7.152132e-23
533 6 6 1 0 0 6.897385e-23
534 7 7 1 0 0 6.865341e-23
535 10 10 1 0 0 4.122409e-23
536 10 5 -1 0 0 4.250584e-23
537 5 10 1 0 0 4.250584e-23
538 11 6 -1 0 0 3.866060e-23
539 5 10 0 -1 0 4.273014e-23
540 10 5 0 1 0 4.273014e-23
541 3 9 1 0 0 4.196109e-23
542 6 11 1 0 0 3.866060e-23
543 2 9 0 1 -1 4.449254e-23
544 9 2 0 -1 1 4.449254e-23
545 9 2 1 0 1 4.188099e-23
546 1 8 -1 0 0 4.463673e-23
547 7 11 -1 0 0 4.095172e-23
548 8 0 -1 0 0 4.248981e-23
549 9 3 -1 0 0 4.196109e-23
550 0 8 0 -1 0 4.239368e-23
551 3 9 0 -1 0 4.007052e-23
552 6 11 0 -1 0 4.143237e-23
553 8 1 0 -1 0 4.231357e-23
554 11 7 0 -1 0 4.329090e-23
555 1 8 0 1 0 4.231357e-23
556 7 11 0 1 0 4.329090e-23
557 8 0 0 1 0 4.239368e-23
558 9 3 0 1 0 4.007052e-23
559 11 6 0 1 0 4.143237e-23
560 0 8 1 0 0 4.248981e-23
561 8 1 1 0 0 4.463673e-23
562 11 7 1 0 0 4.095172e-23
563 2 9 -1 0 -1 4.188099e-23
564 4 10 0 1 -1 4.077548e-23
565 4 10 -1 0 -1 3.995837e-23
566 10 4 0 -1 1 4.077548e-23
567 10 4 1 0 1 3.995837e-23
568 11 6 -1 -1 0 -2.162943e-23
569 11 7 -1 -1 0 -2.105265e-23
570 6 11 1 1 0 -2.162943e-23
571 7 11 1 1 0 -2.105265e-23
572 0 8 -1 -1 0 -2.198191e-23
573 1 8 -1 -1 0 -2.084436e-23
574 3 9 -1 -1 0 -1.810463e-23
575 5 10 -1 -1 0 -1.818474e-23
576 8 0 -1 -1 0 -1.815270e-23
577 8 1 -1 -1 0 -2.049188e-23
578 9 3 -1 -1 0 -1.836098e-23
579 10 5 -1 -1 0 -1.856927e-23
580 0 8 1 1 0 -1.815270e-23
581 1 8 1 1 0 -2.049188e-23
582 3 9 1 1 0 -1.836098e-23
583 5 10 1 1 0 -1.856927e-23
584 8 0 1 1 0 -2.198191e-23
585 8 1 1 1 0 -2.084436e-23
586 9 3 1 1 0 -1.810463e-23
587 10 5 1 1 0 -1.818474e-23
588 2 9 -1 -1 -1 -1.752785e-23
589 4 10 -1 -1 -1 -2.047586e-23
590 2 9 1 1 -1 -2.052393e-23
591 4 10 1 1 -1 -1.975488e-23
592 9 2 -1 -1 1 -2.052393e-23
593 10 4 -1 -1 1 -1.975488e-23
594 9 2 1 1 1 -1.752785e-23
595 10 4 1 1 1 -2.047586e-23
596 6 11 -1 -1 0 -1.903390e-23
597 7 11 -1 -1 0 -2.106867e-23
598 11 6 1 1 0 -1.903390e-23
599 11 7 1 1 0 -2.106867e-23
600 9 3 0 -1 0 -5.655695e-24
601 3 9 -1 0 0 -1.874551e-24
602 11 6 0 -1 0 -1.329809e-24
603 3 9 0 1 0 -5.655695e-24
604 5 10 0 1 0 -2.291117e-24
605 6 11 0 1 0 -1.329809e-24
606 9 3 1 0 0 -1.874551e-24
607 10 4 -1 0 1 -1.778420e-24
608 0 8 -1 0 0 -6.088284e-25
609 5 10 -1 0 0 -5.495477e-24
610 6 11 -1 0 0 -4.790518e-24
611 8 1 -1 0 0 3.845232e-25
612 11 7 -1 0 0 -6.633025e-24
613 1 8 0 -1 0 -2.931989e-24
614 7 11 0 -1 0 -3.749101e-24
615 8 0 0 -1 0 -3.156295e-24
616 10 5 0 -1 0 -2.291117e-24
617 0 8 0 1 0 -3.156295e-24
618 8 1 0 1 0 -2.931989e-24
619 11 7 0 1 0 -3.749101e-24
620 1 8 1 0 0 3.845232e-25
621 7 11 1 0 0 -6.633025e-24
622 8 0 1 0 0 -6.088284e-25
623 10 5 1 0 0 -5.495477e-24
624 11 6 1 0 0 -4.790518e-24
625 4 10 0 -1 -1 -3.204360e-25
626 2 9 1 0 -1 -6.681091e-24
627 4 10 1 0 -1 -1.778420e-24
628 9 2 -1 0 1 -6.681091e-24
629 10 4 0 1 1 -3.204360e-25
630 2 9 0 -1 -1 -4.550191e-24
631 9 2 0 1 1 -4.550191e-24
632 2 5 -1 1 0 2.243052e-23
633 5 2 1 -1 0 2.243052e-23
634 0 7 0 -1 -1 2.252665e-23
635 6 1 1 0 -1 2.138910e-23
636 1 6 -1 0 1 2.138910e-23
637 7 0 0 1 1 2.252665e-23
638 3 4 0 0 0 2.223826e-23
639 4 3 0 0 0 2.223826e-23
640 2 5 -1 1 -1 -2.006891e-22
641 5 2 1 -1 1 -2.006891e-22
642 1 6 -1 0 0 -1.971803e-22
643 0 7 0 -1 0 -1.986543e-22
644 7 0 0 1 0 -1.986543e-22
645 6 1 1 0 0 -1.971803e-22
646 4 3 0 0 -1 -1.959466e-22
647 3 4 0 0 1 -1.959466e-22
648 2 9 0 0 0 8.026922e-24
649 4 10 0 0 0 7.113679e-24
650 9 2 0 0 0 8.026922e-24
651 10 4 0 0 0 7.113679e-24
652 0 8 0 0 -1 9.020273e-24
653 6 11 0 0 -1 6.424742e-24
654 8 1 0 0 -1 7.305941e-24
655 11 7 0 0 -1 8.251227e-24
656 1 8 0 0 1 7.305941e-24
657 7 11 0 0 1 8.251227e-24
658 8 0 0 0 1 9.020273e-24
659 9 3 0 0 1 7.914769e-24
660 10 5 0 0 1 7.802617e-24
661 11 6 0 0 1 6.424742e-24
662 3 9 0 0 -1 7.914769e-24
663 5 10 0 0 -1 7.802617e-24
664 8 9 -1 -1 0 3.322921e-23
665 8 10 -1 -1 0 4.961631e-22
666 9 11 -1 -1 0 3.036131e-23
667 10 11 -1 -1 0 4.946891e-22
668 9 8 -1 0 0 4.897704e-22
669 11 10 -1 0 0 3.111434e-23
670 10 8 0 -1 0 3.306900e-23
671 11 9 0 -1 0 4.938880e-22
672 8 10 0 1 0 3.306900e-23
673 9 11 0 1 0 4.938880e-22
674 8 9 1 0 0 4.897704e-22
675 10 11 1 0 0 3.111434e-23
676 9 8 1 1 0 3.322921e-23
677 10 8 1 1 0 4.961631e-22
678 0 3 -1 -1 -1 1.858529e-24
679 0 5 -1 -1 -1 9.233363e-23
680 6 3 0 -1 -1 8.892099e-23
681 0 3 1 0 -1 8.856851e-23
682 6 3 1 1 -1 1.490027e-24
683 6 5 1 1 -1 8.789559e-23
684 6 5 -1 0 -1 1.666267e-24
685 0 5 0 1 -1 1.730354e-24
686 3 6 -1 -1 1 1.490027e-24
687 5 6 -1 -1 1 8.789559e-23
688 3 0 -1 0 1 8.856851e-23
689 3 6 0 1 1 8.892099e-23
690 3 0 1 1 1 1.858529e-24
691 5 0 1 1 1 9.233363e-23
692 5 0 0 -1 1 1.730354e-24
693 1 2 -1 -1 0 1.794442e-24
694 1 4 -1 -1 0 8.807183e-23
695 2 7 -1 -1 0 1.970681e-24
696 4 7 -1 -1 0 8.829614e-23
697 2 1 -1 0 0 8.685418e-23
698 7 4 -1 0 0 1.089482e-24
699 4 1 0 -1 0 1.073461e-24
700 7 2 0 -1 0 8.967401e-23
701 1 4 0 1 0 1.073461e-24
702 2 7 0 1 0 8.967401e-23
703 1 2 1 0 0 8.685418e-23
704 2 1 1 1 0 1.794442e-24
705 4 1 1 1 0 8.807183e-23
706 7 2 1 1 0 1.970681e-24
707 7 4 1 1 0 8.829614e-23
708 11 9 1 1 0 3.036131e-23
709 11 10 1 1 0 4.946891e-22
710 2 7 -1 -1 -1 8.884088e-23
711 4 7 -1 -1 -1 1.361853e-24
712 8 9 -1 -1 -1 4.821120e-22
713 8 10 -1 -1 -1 3.113036e-23
714 4 1 0 -1 -1 9.222148e-23
715 11 9 0 -1 -1 3.064970e-23
716 4 7 1 0 -1 9.138835e-23
717 8 9 1 0 -1 3.217177e-23
718 2 1 1 1 -1 8.831216e-23
719 4 1 1 1 -1 1.249700e-24
720 2 1 -1 0 -1 9.292644e-25
721 11 10 -1 0 -1 4.761999e-22
722 2 7 0 1 -1 1.425940e-24
723 8 10 0 1 -1 4.893699e-22
724 1 2 -1 -1 1 8.831216e-23
725 1 4 -1 -1 1 1.249700e-24
726 9 11 -1 -1 1 4.912284e-22
727 10 11 -1 -1 1 3.239608e-23
728 7 4 -1 0 1 9.138835e-23
729 9 8 -1 0 1 3.217177e-23
730 1 4 0 1 1 9.222148e-23
731 9 11 0 1 1 3.064970e-23
732 7 2 1 1 1 8.884088e-23
733 7 4 1 1 1 1.361853e-24
734 9 8 1 1 1 4.821120e-22
735 10 8 1 1 1 3.113036e-23
736 7 2 0 -1 1 1.425940e-24
737 10 8 0 -1 1 4.893699e-22
738 1 2 1 0 1 9.292644e-25
739 5 6 1 0 1 1.666267e-24
740 10 11 1 0 1 4.761999e-22
741 0 3 -1 -1 0 8.799173e-23
742 0 5 -1 -1 0 2.034769e-24
743 3 6 -1 -1 0 8.858453e-23
744 5 6 -1 -1 0 1.586158e-24
745 3 0 -1 0 0 1.538093e-24
746 6 5 -1 0 0 8.728677e-23
747 5 0 0 -1 0 8.757516e-23
748 6 3 0 -1 0 1.297766e-24
749 0 5 0 1 0 8.757516e-23
750 3 6 0 1 0 1.297766e-24
751 0 3 1 0 0 1.538093e-24
752 4 7 1 0 0 1.089482e-24
753 5 6 1 0 0 8.728677e-23
754 3 0 1 1 0 8.799173e-23
755 5 0 1 1 0 2.034769e-24
756 6 3 1 1 0 8.858453e-23
757 6 5 1 1 0 1.586158e-24
758 11 9 1 1 -1 4.912284e-22
759 11 10 1 1 -1 3.239608e-23
760 0 7 -1 0 -1 1.975808e-22
761 6 1 0 1 -1 1.929826e-22
762 1 6 0 -1 1 1.929826e-22
763 7 0 1 0 1 1.975808e-22
764 3 4 -1 1 0 1.951615e-22
765 4 3 1 -1 0 1.951615e-22
766 2 5 0 0 0 1.972444e-22
767 5 2 0 0 0 1.972444e-22
768 3 4 -1 1 1 -6.729156e-24
769 4 3 1 -1 -1 -6.729156e-24
770 0 7 -1 0 0 -7.273897e-24
771 7 0 1 0 0 -7.273897e-24
772 2 5 0 0 -1 -6.328611e-24
773 5 2 0 0 1 -6.328611e-24
774 1 6 0 -1 0 -6.857330e-24
775 6 1 0 1 0 -6.857330e-24
776 4 5 -1 0 0 1.328207e-23
777 3 2 0 -1 0 1.252905e-23
778 3 2 1 0 0 1.323401e-23
779 0 1 0 -1 -1 1.275335e-23
780 6 7 0 -1 -1 1.363455e-23
781 0 1 1 0 -1 1.185613e-23
782 6 7 1 0 -1 1.379477e-23
783 1 0 -1 0 1 1.185613e-23
784 7 6 -1 0 1 1.379477e-23
785 1 0 0 1 1 1.275335e-23
786 7 6 0 1 1 1.363455e-23
787 2 3 -1 0 0 1.323401e-23
788 5 4 0 -1 0 1.382681e-23
789 2 3 0 1 0 1.252905e-23
790 4 5 0 1 0 1.382681e-23
791 5 4 1 0 0 1.328207e-23
792 2 3 -1 0 -1 -3.074583e-23
793 4 5 -1 0 -1 -3.106627e-23
794 2 3 0 1 -1 -3.068175e-23
795 4 5 0 1 -1 -3.143477e-23
796 3 2 0 -1 1 -3.068175e-23
797 3 2 1 0 1 -3.074583e-23
798 5 4 1 0 1 -3.106627e-23
799 7 6 -1 0 0 -3.116240e-23
800 6 7 0 -1 0 -3.125853e-23
801 7 6 0 1 0 -3.125853e-23
802 6 7 1 0 0 -3.116240e-23
803 5 4 0 -1 1 -3.143477e-23
804 1 0 -1 0 0 -3.117842e-23
805 0 1 0 -1 0 -3.154692e-23
806 1 0 0 1 0 -3.154692e-23
807 0 1 1 0 0 -3.117842e-23
808 0 1 -1 -1 -1 7.193788e-24
809 6 7 -1 -1 -1 7.113679e-24
810 0 1 1 1 -1 6.761200e-24
811 6 7 1 1 -1 6.873352e-24
812 1 0 -1 -1 1 6.761200e-24
813 7 6 -1 -1 1 6.873352e-24
814 1 0 1 1 1 7.193788e-24
815 7 6 1 1 1 7.113679e-24
816 2 3 -1 -1 0 6.649047e-24
817 3 2 -1 -1 0 6.761200e-24
818 4 5 -1 -1 0 6.424742e-24
819 5 4 -1 -1 0 6.777221e-24
820 2 3 1 1 0 6.761200e-24
821 3 2 1 1 0 6.649047e-24
822 4 5 1 1 0 6.777221e-24
823 5 4 1 1 0 6.424742e-24
824 9 4 -1 0 0 1.073461e-23
825 10 2 0 -1 0 1.018986e-23
826 2 10 0 1 0 1.018986e-23
827 4 9 1 0 0 1.073461e-23
828 0 11 -1 -1 -1 1.030202e-23
829 8 7 -1 -1 -1 1.067052e-23
830 0 11 0 0 -1 1.084676e-23
831 11 1 0 0 -1 1.030202e-23
832 6 8 1 1 -1 9.565015e-24
833 11 1 1 1 -1 1.002965e-23
834 2 10 -1 0 0 1.049428e-23
835 4 9 0 -1 0 1.057439e-23
836 9 4 0 1 0 1.057439e-23
837 10 2 1 0 0 1.049428e-23
838 6 8 0 0 -1 1.107106e-23
839 8 7 0 0 -1 1.131139e-23
840 1 11 -1 -1 1 1.002965e-23
841 8 6 -1 -1 1 9.565015e-24
842 9 5 -1 0 1 1.068654e-23
843 1 11 0 0 1 1.030202e-23
844 11 0 0 0 1 1.084676e-23
845 7 8 1 1 1 1.067052e-23
846 11 0 1 1 1 1.030202e-23
847 10 3 0 -1 1 1.095891e-23
848 5 9 0 -1 -1 9.981581e-24
849 5 9 1 0 -1 1.068654e-23
850 3 10 -1 0 -1 1.119924e-23
851 3 10 0 1 -1 1.095891e-23
852 7 8 0 0 1 1.131139e-23
853 8 6 0 0 1 1.107106e-23
854 9 5 0 1 1 9.981581e-24
855 10 3 1 0 1 1.119924e-23