#----------------------------------------------------------------------------------------------------------------------------------------------------------
# Output file for vampire simulation
#   time       : 2025-01-28 13:57:14     process id : 5367
#   hostname   : GRBE200AHCXJDZ3
#   path       : /home/barad/CrTe_x_vampire/TB2J+Vampire_Bulk/Cr3Te4/Vampire
#   version    : 7.0.0
#   githash    : e017e798022a7c964d4c6aafc8ff97a7f63fd6bd
#----------------------------------------------------------------------------------------------------------------------------------------------------------
0          	-0.00154796	-0.00103214	0.999998   	1          	-0.00154796	-0.00103214	0.999998   	1          	
20         	0.0373544  	0.0514647  	0.997976   	0.97152    	0.0362949  	0.0515828  	0.998009   	0.976183   	
40         	0.0194322  	-0.0243055 	0.999516   	0.941517   	0.0199098  	-0.0251774 	0.999485   	0.950462   	
60         	0.335317   	0.0166763  	0.941958   	0.909227   	0.331922   	0.0127095  	0.943221   	0.922366   	
80         	0.179264   	0.0929139  	0.979404   	0.875959   	0.177205   	0.0925703  	0.979811   	0.892901   	
100        	-0.0463884 	0.0875449  	0.99508    	0.842385   	-0.0442318 	0.0887455  	0.995072   	0.865431   	
120        	0.0399691  	-0.221095  	0.974433   	0.800971   	0.0403811  	-0.221705  	0.974277   	0.827621   	
140        	-0.226678  	-0.0343675 	0.973363   	0.760901   	-0.226015  	-0.0371995 	0.973413   	0.789305   	
160        	-0.187132  	0.214      	0.958742   	0.710619   	-0.19145   	0.206463   	0.959541   	0.745633   	
180        	-0.383217  	0.101481   	0.918067   	0.654222   	-0.377554  	0.0944511  	0.921158   	0.689974   	
200        	-0.686221  	0.095316   	0.721121   	0.596547   	-0.690005  	0.0920369  	0.717929   	0.637456   	
220        	-0.365564  	-0.055214  	0.929147   	0.517596   	-0.368079  	-0.0643678 	0.927564   	0.55703    	
240        	0.416585   	0.858864   	0.298011   	0.399573   	0.415295   	0.858286   	0.301453   	0.438651   	
260        	0.683449   	0.238417   	0.689967   	0.165734   	0.676788   	0.218759   	0.702924   	0.182249   	
280        	-0.478866  	0.877886   	0.00169003 	0.0147902  	-0.102189  	0.968676   	-0.226327  	0.0155552  	
300        	0.0442277  	0.99769    	0.0515626  	0.0175774  	0.17323    	0.934714   	0.310325   	0.0186904  	
320        	0.695516   	-0.161548  	-0.700114  	0.00936279 	0.226505   	-0.81093   	-0.539526  	0.00492253 	
340        	-0.0753455 	-0.812445  	-0.578148  	0.00415453 	-0.366539  	-0.44753   	-0.8157    	0.0028216  	
360        	0.776628   	0.494223   	-0.390631  	0.00881665 	0.67353    	0.326419   	-0.66318   	0.0105129  	
380        	0.206129   	-0.978497  	-0.00742564	0.00618902 	0.341816   	-0.913523  	0.220539   	0.00490651 	
400        	-0.142877  	0.722574   	-0.676368  	0.00222834 	0.244091   	0.779531   	-0.576845  	0.00580028 	
