#----------------------------------------------------------------------------------------------------------------------------------------------------------
# Output file for vampire simulation
#   time       : 2025-02-10 20:11:07     process id : 25325
#   hostname   : GRBE200AHCXJDZ3
#   path       : /home/barad/CrTe_x_vampire/TB2J+Vampire_Bulk/Cr3Te4/Vampire
#   version    : 7.0.0
#   githash    : e017e798022a7c964d4c6aafc8ff97a7f63fd6bd
#----------------------------------------------------------------------------------------------------------------------------------------------------------
0          	1          	0          	0          	1          	1          	0          	0          	1          	
20         	0.999884   	0.0151943  	-0.00105329	0.971548   	0.999888   	0.0148756  	-0.00153969	0.975812   	
40         	0.999879   	0.0151087  	0.00381225 	0.940794   	0.999886   	0.0146836  	0.00345116 	0.94963    	
60         	0.999747   	0.02244    	-0.00131528	0.909152   	0.999734   	0.022958   	-0.00233256	0.922429   	
80         	0.99736    	0.0697805  	0.0200933  	0.876368   	0.997518   	0.0670181  	0.0216188  	0.894075   	
100        	0.994436   	0.105135   	0.0065935  	0.839377   	0.994518   	0.104158   	0.00922123 	0.863187   	
120        	0.975393   	0.220427   	-0.00451605	0.802544   	0.975275   	0.220956   	-0.00414245	0.830782   	
140        	0.961266   	0.275602   	0.00329789 	0.761885   	0.961516   	0.274721   	0.00391202 	0.794516   	
160        	0.93577    	0.352593   	0.00363435 	0.714581   	0.936603   	0.350377   	0.00330395 	0.751205   	
180        	0.864005   	0.502784   	0.0265472  	0.661899   	0.864853   	0.501113   	0.0302519  	0.701442   	
200        	0.818071   	0.573497   	-0.0431388 	0.595293   	0.817518   	0.574277   	-0.0432417 	0.637869   	
220        	0.846723   	0.531977   	-0.00785303	0.521159   	0.848024   	0.529846   	-0.0108798 	0.560883   	
240        	0.995745   	0.0921489  	-0.000784733	0.40664    	0.994859   	0.101272   	-0.000368167	0.440245   	
260        	0.386915   	-0.91277   	0.13095    	0.196934   	0.382965   	-0.912368  	0.144645   	0.213554   	
280        	-0.837504  	0.283912   	0.466884   	0.0151244  	-0.879164  	0.324591   	0.348873   	0.0172804  	
300        	0.786171   	-0.326681  	0.524609   	0.0118076  	0.789062   	-0.395377  	0.470168   	0.0125727  	
320        	-0.895285  	0.427331   	0.125907   	0.00878822 	-0.892296  	0.396683   	0.215523   	0.0088739  	
340        	0.44823    	-0.12142   	0.885634   	0.00621748 	0.806443   	-0.0439699 	0.589674   	0.00750957 	
360        	-0.765953  	0.636653   	0.0893757  	0.00669605 	-0.522039  	0.46126    	0.717436   	0.00789851 	
380        	-0.667853  	0.217184   	-0.711901  	0.00331724 	0.684105   	-0.361852  	0.633295   	0.00261629 	
400        	0.321612   	0.263103   	0.909583   	0.00656616 	0.230089   	-0.293565  	0.927835   	0.00907612 	
