#----------------------------------------------------------------------------------------------------------------------------------------------------------
# Output file for vampire simulation
#   time       : 2025-02-11 23:08:05     process id : 28010
#   hostname   : GRBE200AHCXJDZ3
#   path       : /home/barad/CrTe_x_vampire/TB2J+Vampire_Bulk/Cr3Te4/Vampire
#   version    : 7.0.0
#   githash    : e017e798022a7c964d4c6aafc8ff97a7f63fd6bd
#----------------------------------------------------------------------------------------------------------------------------------------------------------
0          	1          	0          	0          	1          	1          	0          	0          	1          	
20         	0.998669   	0.051523   	-0.00223477	0.975253   	0.998664   	0.0513119  	-0.00615814	0.982241   	
40         	0.998653   	0.0497188  	-0.0148668 	0.951506   	0.998381   	0.0552083  	-0.013688  	0.96446    	
60         	0.993984   	-0.108732  	-0.0131352 	0.924734   	0.994038   	-0.107185  	-0.0199724 	0.946585   	
80         	0.999856   	-0.0164789 	0.00396064 	0.896287   	0.999796   	-0.0200692 	0.00248184 	0.925316   	
100        	0.989643   	0.143126   	0.0110304  	0.867972   	0.990015   	0.140647   	0.00942814 	0.903607   	
120        	0.999393   	-0.0275064 	0.0213552  	0.837461   	0.999519   	-0.0306971 	0.00450112 	0.880914   	
140        	0.992311   	0.121954   	0.0211132  	0.81285    	0.991604   	0.127192   	0.0233129  	0.86451    	
160        	0.982297   	-0.185646  	-0.0250798 	0.773211   	0.983485   	-0.177123  	-0.0372179 	0.835701   	
180        	0.979713   	-0.16225   	0.117633   	0.731943   	0.98107    	-0.157502  	0.112669   	0.80105    	
200        	0.953388   	-0.301679  	0.00642006 	0.692038   	0.951699   	-0.30683   	-0.011128  	0.765371   	
220        	0.985149   	-0.161403  	-0.0585693 	0.652942   	0.985495   	-0.165898  	-0.0357479 	0.733546   	
240        	0.796238   	-0.604104  	-0.0326183 	0.601005   	0.800889   	-0.598122  	-0.0287712 	0.688591   	
260        	0.923701   	-0.374835  	-0.0792118 	0.552242   	0.922808   	-0.373137  	-0.0958825 	0.646581   	
280        	0.0243111  	-0.998419  	0.0506889  	0.468926   	0.0612634  	-0.99698   	0.047731   	0.561105   	
300        	-0.837054  	-0.547019  	-0.0105326 	0.390411   	-0.844995  	-0.534735  	-0.00644583	0.462139   	
320        	0.954144   	0.0687497  	0.291347   	0.24032    	0.964028   	0.00804148 	0.265678   	0.290148   	
340        	0.716585   	0.14581    	0.682089   	0.0337541  	0.78741    	0.18556    	0.587837   	0.0483015  	
360        	0.212507   	0.830942   	-0.514176  	0.0323613  	0.619315   	0.698218   	-0.359082  	0.0308279  	
380        	-0.964945  	-0.035957  	0.259976   	0.0141222  	-0.646899  	0.0142089  	-0.762443  	0.018329   	
400        	0.193035   	0.759594   	-0.621092  	0.0344078  	0.508167   	0.716714   	-0.477585  	0.0473776  	
