2205
-0.302325	0.258535	-0.917474
0.190491	-0.156083	0.969201
0.156113	-0.0858286	0.984003
0.112568	-0.159798	0.98071
-0.377172	0.329492	0.86555
-0.299579	0.260183	-0.917909
0.18973	-0.156679	0.969254
0.154673	-0.0853015	0.984276
0.114881	-0.158989	0.980574
-0.375303	0.330682	0.865908
-0.299998	0.261661	-0.917352
0.190229	-0.155947	0.969275
0.155189	-0.0854604	0.984181
0.112751	-0.160602	0.980558
-0.375664	0.330543	0.865805
-0.300481	0.260065	-0.917648
0.190244	-0.155817	0.969293
0.155514	-0.0858656	0.984095
0.111818	-0.160127	0.980743
-0.374049	0.328642	0.867227
-0.301674	0.259846	-0.917318
0.19093	-0.155562	0.969199
0.154862	-0.0858249	0.984201
0.112789	-0.159949	0.980661
-0.37794	0.328627	0.865544
-0.29961	0.260917	-0.917691
0.190086	-0.156867	0.969154
0.154236	-0.0857156	0.984309
0.112986	-0.160885	0.980485
-0.375088	0.331699	0.865613
-0.301726	0.259388	-0.917431
0.190117	-0.155508	0.969367
0.155379	-0.0847983	0.984209
0.114024	-0.158457	0.98076
-0.377098	0.329513	0.865574
-0.302676	0.258076	-0.917488
0.191493	-0.15378	0.969372
0.156426	-0.0844609	0.984072
0.113913	-0.159571	0.980592
-0.377751	0.327321	0.866121
-0.302109	0.257248	-0.917907
0.190962	-0.155052	0.969274
0.156635	-0.0849276	0.983998
0.113909	-0.15734	0.980953
-0.378104	0.327305	0.865972
-0.301918	0.258784	-0.917538
0.1912	-0.154836	0.969262
0.155042	-0.0840911	0.984322
0.113956	-0.158326	0.980789
-0.377387	0.328799	0.86572
-0.300507	0.260026	-0.91765
0.190174	-0.156561	0.969186
0.156379	-0.0859745	0.983948
0.114183	-0.159131	0.980632
-0.375509	0.330147	0.866023
-0.301113	0.260496	-0.917318
0.190659	-0.15547	0.969267
0.156075	-0.0859846	0.983996
0.113289	-0.1604	0.980529
-0.374842	0.329109	0.866707
-0.300045	0.2624	-0.917126
0.190954	-0.156374	0.969063
0.156435	-0.0859175	0.983944
0.114046	-0.16118	0.980314
-0.377714	0.32969	0.865238
-0.301989	0.258834	-0.917501
0.190598	-0.155576	0.969262
0.156751	-0.0843345	0.984031
0.114463	-0.159899	0.980475
-0.377016	0.328078	0.866155
-0.303833	0.259316	-0.916756
0.190594	-0.156123	0.969175
0.156793	-0.0835525	0.984091
0.115242	-0.157473	0.980776
-0.378514	0.326905	0.865945
-0.303704	0.255599	-0.917842
0.191714	-0.153997	0.969294
0.156508	-0.0831115	0.984174
0.113867	-0.157792	0.980885
-0.378872	0.324147	0.866825
-0.302357	0.256072	-0.918154
0.191616	-0.154215	0.969279
0.157042	-0.0830393	0.984095
0.114345	-0.157265	0.980914
-0.379163	0.324819	0.866446
-0.303541	0.258733	-0.917017
0.191495	-0.155459	0.969104
0.155309	-0.0846053	0.984236
0.114598	-0.157739	0.980809
-0.379168	0.327804	0.865319
-0.301243	0.260701	-0.917217
0.19012	-0.155039	0.969442
0.155433	-0.0862761	0.984072
0.113907	-0.159859	0.980546
-0.375398	0.330671	0.865871
-0.299127	0.262243	-0.91747
0.188872	-0.156073	0.96952
0.154667	-0.0870995	0.98412
0.113941	-0.157952	0.980851
-0.377302	0.329114	0.865637
-0.300004	0.261433	-0.917415
0.190309	-0.15581	0.969281
0.155232	-0.086108	0.984118
0.113883	-0.160571	0.980432
-0.3769	0.330656	0.865224
-0.301677	0.256933	-0.918137
0.19016	-0.155401	0.969376
0.156484	-0.0837809	0.984121
0.113647	-0.157769	0.980914
-0.378397	0.325674	0.86646
-0.303358	0.257926	-0.917305
0.191483	-0.154852	0.969203
0.156792	-0.0836759	0.984081
0.113782	-0.158601	0.980765
-0.37849	0.326322	0.866175
-0.303284	0.256083	-0.917846
0.191749	-0.153965	0.969292
0.157382	-0.0832829	0.98402
0.114265	-0.15722	0.980931
-0.380526	0.323581	0.866311
-0.302601	0.257536	-0.917665
0.189419	-0.155867	0.969446
0.156323	-0.0846051	0.984076
0.113974	-0.158576	0.980746
-0.378936	0.3262	0.866026
-0.301209	0.25994	-0.917444
0.19023	-0.15679	0.969138
0.156541	-0.0856355	0.983952
0.112771	-0.159435	0.980746
-0.377771	0.328249	0.865761
-0.302479	0.259373	-0.917187
0.191454	-0.156	0.969025
0.155388	-0.0851253	0.984179
0.113177	-0.160228	0.98057
-0.376818	0.330287	0.865401
-0.300943	0.258869	-0.917834
0.188982	-0.156575	0.969418
0.156619	-0.0849303	0.984001
0.111973	-0.159392	0.980845
-0.375442	0.329528	0.866288
-0.301886	0.260645	-0.917022
0.19024	-0.155789	0.969298
0.156944	-0.0851073	0.983934
0.113245	-0.159572	0.980669
-0.378082	0.329211	0.86526
-0.301778	0.259384	-0.917415
0.191288	-0.156575	0.968965
0.156537	-0.0852284	0.983988
0.113311	-0.158591	0.980821
-0.377337	0.329268	0.865563
-0.300781	0.258563	-0.917974
0.189975	-0.156081	0.969303
0.156515	-0.0847471	0.984033
0.112857	-0.159473	0.98073
-0.378539	0.327531	0.865697
-0.301582	0.25893	-0.917607
0.189819	-0.155167	0.96948
0.155921	-0.0848302	0.98412
0.112327	-0.158989	0.98087
-0.378057	0.326717	0.866215
-0.301884	0.261275	-0.916843
0.190278	-0.156317	0.969205
0.15563	-0.0852649	0.984129
0.113187	-0.160179	0.980577
-0.375817	0.329781	0.866029
-0.301412	0.259869	-0.917398
0.190687	-0.157844	0.968878
0.156297	-0.0855964	0.983994
0.113556	-0.158654	0.980782
-0.376226	0.330585	0.865545
-0.299611	0.260975	-0.917674
0.189422	-0.157345	0.969207
0.157005	-0.0849912	0.983934
0.111398	-0.160283	0.980765
-0.376398	0.330593	0.865467
-0.300378	0.25966	-0.917796
0.190822	-0.155833	0.969176
0.15511	-0.0860393	0.984143
0.113154	-0.15915	0.980748
-0.376509	0.32961	0.865793
-0.301826	0.259449	-0.917381
0.189448	-0.156614	0.96932
0.155428	-0.0852479	0.984162
0.11345	-0.159699	0.980625
-0.374069	0.329705	0.866814
-0.299871	0.261783	-0.917359
0.191086	-0.155131	0.969237
0.156202	-0.0859017	0.983983
0.113783	-0.160744	0.980416
-0.377933	0.330357	0.864888
-0.299494	0.261051	-0.917691
0.188265	-0.156771	0.969525
0.155109	-0.0854583	0.984194
0.113491	-0.16133	0.980353
-0.37658	0.329781	0.865697
-0.298076	0.262074	-0.917861
0.189417	-0.156937	0.969274
0.153717	-0.0865259	0.984319
0.111785	-0.161225	0.980567
-0.374063	0.331842	0.866001
-0.300333	0.261397	-0.917318
0.191851	-0.156766	0.968823
0.155145	-0.0862544	0.984119
0.112829	-0.159643	0.980706
-0.376325	0.330265	0.865624
-0.299289	0.261739	-0.917561
0.188879	-0.157527	0.969283
0.155634	-0.0863244	0.984036
0.111847	-0.159544	0.980834
-0.374487	0.331831	0.865822
-0.300409	0.26031	-0.917602
0.190845	-0.155914	0.969159
0.155722	-0.0853236	0.984109
0.113069	-0.157888	0.980962
-0.375987	0.329257	0.866154
-0.300446	0.260814	-0.917447
0.191152	-0.156677	0.968975
0.154898	-0.0853101	0.98424
0.113101	-0.160473	0.980539
-0.376375	0.330863	0.865374
-0.301082	0.260372	-0.917364
0.189047	-0.155853	0.969521
0.155477	-0.0854915	0.984133
0.111987	-0.160977	0.980584
-0.375637	0.328791	0.866484
-0.302512	0.260346	-0.916901
0.192398	-0.157465	0.968601
0.15571	-0.0863207	0.984024
0.112901	-0.159956	0.980646
-0.378528	0.329529	0.864943
-0.300099	0.262344	-0.917124
0.189873	-0.156746	0.969216
0.155519	-0.086473	0.984041
0.112177	-0.159224	0.980849
-0.374359	0.330987	0.8662
-0.297663	0.261747	-0.918088
0.190618	-0.156704	0.969076
0.156296	-0.0859994	0.983959
0.112367	-0.159946	0.980709
-0.377388	0.329501	0.865452
-0.299339	0.260754	-0.917825
0.190055	-0.1575	0.969058
0.157747	-0.0854934	0.983772
0.111561	-0.160249	0.980752
-0.377686	0.330254	0.865035
-0.303466	0.25523	-0.918023
0.191462	-0.154525	0.96926
0.156684	-0.0847432	0.984006
0.113934	-0.157627	0.980904
-0.379205	0.326831	0.86567
-0.302855	0.256871	-0.917767
0.191064	-0.154735	0.969305
0.155528	-0.0842887	0.984229
0.113389	-0.158321	0.980855
-0.378734	0.326946	0.865833
-0.300744	0.257353	-0.918326
0.190364	-0.156485	0.969161
0.156458	-0.0853339	0.983991
0.112903	-0.15911	0.980784
-0.378217	0.329314	0.865161
-0.302752	0.258622	-0.917309
0.190977	-0.155741	0.969161
0.155926	-0.0853956	0.98407
0.113059	-0.159427	0.980714
-0.376409	0.328749	0.866164
-0.302056	0.258879	-0.917466
0.189657	-0.156473	0.969302
0.1568	-0.0851525	0.983953
0.112983	-0.160819	0.980496
-0.378583	0.329927	0.864768
-0.304479	0.25567	-0.917565
0.190155	-0.15572	0.969326
0.156769	-0.0845354	0.984011
0.112778	-0.158168	0.980951
-0.377072	0.327941	0.866182
-0.303527	0.255633	-0.917891
0.190573	-0.154576	0.969427
0.156522	-0.0844231	0.98406
0.114035	-0.158754	0.980711
-0.379182	0.326556	0.865784
-0.305395	0.25359	-0.917838
0.192655	-0.152983	0.969268
0.157863	-0.0833878	0.983934
0.114877	-0.15862	0.980634
-0.380285	0.324641	0.866021
-0.305821	0.254913	-0.917329
0.192098	-0.154029	0.969213
0.156917	-0.0839641	0.984036
0.115927	-0.15709	0.980757
-0.38123	0.324833	0.865533
-0.30292	0.256993	-0.917711
0.192271	-0.1545	0.969103
0.156757	-0.085183	0.983957
0.113554	-0.158212	0.980854
-0.379081	0.326549	0.865831
-0.304069	0.258355	-0.916949
0.190745	-0.157049	0.968995
0.156557	-0.0855433	0.983957
0.114662	-0.159143	0.980574
-0.37739	0.33056	0.865047
-0.302213	0.259879	-0.917131
0.191055	-0.157704	0.968828
0.155266	-0.0852396	0.984188
0.113544	-0.159982	0.980568
-0.376242	0.330345	0.865629
-0.301169	0.258255	-0.917933
0.189182	-0.156769	0.969347
0.155383	-0.085792	0.984122
0.112366	-0.159511	0.98078
-0.375508	0.329805	0.866154
-0.304505	0.25508	-0.91772
0.192758	-0.154602	0.968991
0.157438	-0.0839285	0.983956
0.113662	-0.160226	0.980514
-0.379062	0.328425	0.86513
-0.305167	0.255358	-0.917423
0.192354	-0.154496	0.969088
0.157075	-0.0835922	0.984043
0.113959	-0.158785	0.980714
-0.379479	0.326722	0.865591
-0.306309	0.253612	-0.917527
0.192971	-0.152883	0.969221
0.157772	-0.0828299	0.983995
0.115639	-0.156852	0.980829
-0.383337	0.322711	0.865396
-0.304265	0.255127	-0.917787
0.192256	-0.154612	0.969089
0.158195	-0.0837696	0.983848
0.114891	-0.15718	0.980864
-0.382243	0.324251	0.865304
-0.303554	0.257511	-0.917357
0.190921	-0.154064	0.96944
0.156419	-0.085858	0.983952
0.114438	-0.158471	0.980709
-0.379984	0.327169	0.865201
-0.303427	0.257413	-0.917426
0.190254	-0.157128	0.969079
0.156657	-0.084558	0.984027
0.113675	-0.159069	0.980701
-0.378631	0.329812	0.86479
-0.30258	0.259363	-0.917157
0.191359	-0.156202	0.969011
0.155683	-0.0864316	0.984019
0.114049	-0.160053	0.980498
-0.378735	0.330589	0.864448
-0.302681	0.258881	-0.917259
0.191016	-0.155886	0.96913
0.156205	-0.0850058	0.98406
0.113166	-0.159346	0.980715
-0.377007	0.329747	0.865524
-0.30177	0.257674	-0.917899
0.190033	-0.156154	0.96928
0.15672	-0.0850546	0.983974
0.113052	-0.158862	0.980807
-0.379028	0.328442	0.865138
-0.304526	0.255271	-0.917661
0.191345	-0.155432	0.969138
0.157297	-0.0835189	0.984013
0.113754	-0.158619	0.980765
-0.380424	0.325362	0.865689
-0.305766	0.253936	-0.917619
0.19119	-0.154301	0.969349
0.157034	-0.0825082	0.984141
0.114062	-0.157903	0.980845
-0.381141	0.322307	0.866516
-0.303954	0.256769	-0.917432
0.190486	-0.155399	0.969312
0.157061	-0.0844355	0.983973
0.113714	-0.157768	0.980907
-0.379674	0.325355	0.866021
-0.303135	0.258501	-0.917217
0.190933	-0.155614	0.96919
0.156866	-0.0841003	0.984033
0.11416	-0.15938	0.980594
-0.378232	0.327746	0.86575
-0.3018	0.258555	-0.917642
0.189853	-0.1559	0.969356
0.155555	-0.0832604	0.984312
0.114058	-0.158331	0.980776
-0.377308	0.325289	0.867079
-0.302328	0.258991	-0.917345
0.190784	-0.15724	0.968957
0.156896	-0.0841847	0.984021
0.113025	-0.160966	0.980467
-0.377102	0.32819	0.866075
-0.302675	0.258655	-0.917325
0.190607	-0.15658	0.969098
0.156678	-0.0861939	0.983881
0.113709	-0.16016	0.98052
-0.37826	0.328846	0.865321
-0.302417	0.258048	-0.917581
0.190382	-0.156196	0.969205
0.157439	-0.0835086	0.983991
0.113026	-0.158982	0.98079
-0.378121	0.327844	0.865762
-0.303285	0.256423	-0.91775
0.189562	-0.155062	0.969547
0.156088	-0.084761	0.9841
0.114025	-0.159347	0.980615
-0.379011	0.327109	0.86565
-0.303249	0.256134	-0.917843
0.190146	-0.154922	0.969455
0.157078	-0.0849614	0.983925
0.112803	-0.159283	0.980767
-0.377455	0.326819	0.866439
-0.303268	0.258143	-0.917273
0.191266	-0.156575	0.968969
0.156542	-0.0851519	0.983994
0.113539	-0.157567	0.98096
-0.378237	0.328177	0.865584
-0.30121	0.259789	-0.917487
0.190156	-0.156249	0.96924
0.155674	-0.0857083	0.984083
0.11462	-0.159409	0.980536
-0.378138	0.3282	0.865619
-0.300212	0.260077	-0.917732
0.189302	-0.156191	0.969417
0.155469	-0.0856637	0.984119
0.113728	-0.159496	0.980626
-0.376213	0.330344	0.865642
-0.300812	0.258141	-0.918082
0.189982	-0.156222	0.969279
0.15596	-0.0850143	0.984098
0.11352	-0.158635	0.98079
-0.374689	0.330441	0.866266
-0.301022	0.258561	-0.917896
0.189846	-0.156225	0.969305
0.15695	-0.085191	0.983925
0.111866	-0.159409	0.980854
-0.376613	0.329738	0.8657
-0.300912	0.257932	-0.918109
0.1896	-0.155597	0.969454
0.156163	-0.0854322	0.98403
0.112204	-0.158996	0.980883
-0.37605	0.328557	0.866393
-0.301645	0.25785	-0.917891
0.189314	-0.15625	0.969405
0.155885	-0.0844765	0.984156
0.112757	-0.159914	0.98067
-0.376181	0.32746	0.866751
-0.304668	0.256116	-0.917378
0.189354	-0.156447	0.969366
0.156095	-0.0859251	0.983998
0.113035	-0.158943	0.980796
-0.377227	0.326886	0.866513
-0.303148	0.25824	-0.917286
0.190333	-0.155965	0.969252
0.155479	-0.0863984	0.984054
0.113211	-0.159756	0.980643
-0.377503	0.330264	0.865111
-0.301826	0.256677	-0.91816
0.190882	-0.156414	0.969071
0.15381	-0.0862599	0.984328
0.113152	-0.159267	0.98073
-0.377913	0.329957	0.865049
-0.302271	0.258858	-0.917401
0.189098	-0.156747	0.969367
0.154991	-0.0856146	0.984199
0.113355	-0.158665	0.980804
-0.376437	0.328407	0.866282
-0.300731	0.259331	-0.917774
0.191004	-0.15639	0.969051
0.154947	-0.0865343	0.984126
0.112385	-0.159074	0.980849
-0.375197	0.329327	0.86647
-0.301225	0.259037	-0.917695
0.189954	-0.156182	0.969291
0.15541	-0.0853427	0.984157
0.113691	-0.160012	0.980546
-0.374863	0.328375	0.866976
-0.301397	0.259087	-0.917624
0.190908	-0.157032	0.968966
0.156175	-0.085682	0.984006
0.11404	-0.159513	0.980587
-0.37615	0.329965	0.865814
-0.302194	0.256639	-0.91805
0.190558	-0.156642	0.969098
0.155723	-0.0842028	0.984205
0.113865	-0.159704	0.980576
-0.377356	0.328393	0.865887
-0.302662	0.257486	-0.917658
0.190436	-0.156283	0.96918
0.15521	-0.0851322	0.984206
0.113456	-0.159827	0.980603
-0.376034	0.32925	0.866137
-0.301862	0.258764	-0.917562
0.190084	-0.155794	0.969328
0.157068	-0.0846841	0.98395
0.113935	-0.158674	0.980735
-0.376238	0.32909	0.866109
-0.309334	0.249813	-0.917554
0.193969	-0.152514	0.96908
0.158731	-0.0821859	0.983895
0.115662	-0.154799	0.981152
-0.384113	0.319769	0.866144
-0.306242	0.252307	-0.917909
0.192302	-0.153536	0.969251
0.156939	-0.082322	0.984171
0.115452	-0.155445	0.981075
-0.381154	0.322115	0.866581
-0.305715	0.253825	-0.917666
0.191462	-0.154498	0.969264
0.158279	-0.0842008	0.983798
0.115201	-0.157774	0.980732
-0.380115	0.32508	0.865931
-0.306586	0.252527	-0.917734
0.192679	-0.153631	0.969161
0.157969	-0.0842999	0.983839
0.115483	-0.156011	0.980981
-0.384053	0.321003	0.865714
-0.30709	0.254405	-0.917046
0.192341	-0.154336	0.969116
0.157372	-0.0820655	0.984124
0.114746	-0.158001	0.980749
-0.380142	0.324824	0.866015
-0.307685	0.251748	-0.91758
0.192941	-0.152658	0.969262
0.158791	-0.0814683	0.983945
0.114617	-0.157075	0.980913
-0.381633	0.321607	0.866559
-0.309295	0.24961	-0.917623
0.193772	-0.150888	0.969374
0.158589	-0.081923	0.98394
0.115369	-0.155533	0.98107
-0.383334	0.320471	0.866229
-0.309961	0.248517	-0.917695
0.194408	-0.151751	0.969111
0.159549	-0.081225	0.983843
0.116406	-0.155235	0.980995
-0.385729	0.317737	0.866173
-0.308881	0.249132	-0.917892
0.193371	-0.151859	0.969302
0.158352	-0.0816718	0.983999
0.116584	-0.154733	0.981053
-0.384552	0.318471	0.866427
-0.306964	0.252173	-0.917705
0.192575	-0.153413	0.969216
0.157883	-0.0827046	0.983988
0.115561	-0.157019	0.980811
-0.381731	0.322489	0.866188
-0.305177	0.25384	-0.917841
0.19186	-0.154371	0.969206
0.156843	-0.0828419	0.984143
0.11496	-0.158134	0.980703
-0.381857	0.32511	0.865152
-0.305828	0.254557	-0.917426
0.192227	-0.153845	0.969216
0.157087	-0.0842306	0.983986
0.114276	-0.156993	0.980966
-0.380399	0.323413	0.86643
-0.305958	0.253581	-0.917653
0.192718	-0.154152	0.96907
0.157393	-0.0835467	0.983996
0.113259	-0.157948	0.980931
-0.379869	0.325049	0.86605
-0.307611	0.249947	-0.918097
0.19307	-0.152266	0.969298
0.158587	-0.0811385	0.984005
0.115231	-0.157094	0.980838
-0.382639	0.320272	0.86661
-0.308558	0.249491	-0.917903
0.193841	-0.152958	0.969035
0.158715	-0.0811764	0.983982
0.115049	-0.156992	0.980876
-0.384006	0.319062	0.866452
-0.308712	0.25093	-0.917459
0.194036	-0.151352	0.969249
0.159326	-0.0815698	0.98385
0.115727	-0.15516	0.981087
-0.385048	0.317713	0.866485
-0.308632	0.250954	-0.917479
0.192466	-0.153549	0.969216
0.157771	-0.0822793	0.984042
0.11601	-0.156152	0.980897
-0.382994	0.321114	0.866142
-0.306226	0.253366	-0.917623
0.192508	-0.153853	0.969159
0.158296	-0.0831802	0.983882
0.114641	-0.156538	0.980996
-0.381899	0.322901	0.865961
-0.305389	0.254151	-0.917685
0.190676	-0.153684	0.969548
0.158043	-0.0830207	0.983936
0.116175	-0.158504	0.9805
-0.380294	0.324484	0.866076
-0.305686	0.25334	-0.91781
0.190573	-0.15614	0.969176
0.158485	-0.0836869	0.983808
0.113618	-0.157085	0.981028
-0.380156	0.324942	0.865965
-0.306548	0.252931	-0.917635
0.19273	-0.153474	0.969175
0.159724	-0.081592	0.983784
0.115431	-0.158844	0.980533
-0.384394	0.321902	0.865229
-0.30686	0.253677	-0.917325
0.192312	-0.154099	0.969159
0.157659	-0.0823843	0.984051
0.114274	-0.157758	0.980843
-0.38128	0.323503	0.866009
-0.308203	0.251616	-0.917442
0.192494	-0.153811	0.969169
0.158318	-0.0816648	0.984005
0.11525	-0.155405	0.981105
-0.382697	0.319824	0.86675
-0.306823	0.251473	-0.917944
0.192995	-0.152729	0.96924
0.157929	-0.0819254	0.984046
0.116354	-0.156986	0.980723
-0.383011	0.320084	0.866515
-0.306407	0.252416	-0.917824
0.192846	-0.15267	0.969279
0.157302	-0.0831441	0.984044
0.115166	-0.157501	0.98078
-0.380312	0.323653	0.866378
-0.308555	0.25385	-0.916708
0.191907	-0.154461	0.969182
0.157387	-0.0836987	0.983984
0.117028	-0.15744	0.98057
-0.382416	0.323212	0.865617
-0.304665	0.254533	-0.917819
0.191406	-0.155	0.969195
0.157409	-0.0837675	0.983974
0.114782	-0.158435	0.980675
-0.380773	0.325263	0.865573
-0.305229	0.256072	-0.917204
0.191066	-0.153918	0.969434
0.158926	-0.0839237	0.983717
0.113617	-0.159147	0.980695
-0.37964	0.325772	0.865879
-0.304891	0.254344	-0.917797
0.191599	-0.154474	0.969241
0.157839	-0.0839799	0.983887
0.114718	-0.157956	0.98076
-0.380107	0.326282	0.865482
-0.305549	0.254105	-0.917644
0.192923	-0.153863	0.969075
0.157295	-0.0833991	0.984024
0.114587	-0.157378	0.980868
-0.38198	0.322883	0.865932
-0.306731	0.25264	-0.917654
0.190844	-0.152724	0.969667
0.157264	-0.0825597	0.9841
0.115689	-0.156532	0.980874
-0.380816	0.323488	0.866219
-0.305194	0.253437	-0.917947
0.192823	-0.152396	0.969327
0.157239	-0.0832347	0.984047
0.114327	-0.157316	0.980908
-0.380914	0.323309	0.866243
-0.305856	0.253281	-0.917769
0.192334	-0.152706	0.969375
0.157479	-0.0837223	0.983967
0.114774	-0.158087	0.980732
-0.382373	0.321669	0.86621
-0.306582	0.252874	-0.917639
0.192476	-0.153711	0.969188
0.15791	-0.0843402	0.983845
0.113455	-0.158105	0.980883
-0.380714	0.326764	0.865033
-0.305177	0.255672	-0.917332
0.192327	-0.155393	0.96895
0.15779	-0.0833946	0.983945
0.113059	-0.15743	0.981037
-0.379907	0.325927	0.865704
-0.30567	0.253363	-0.917809
0.192544	-0.154534	0.969044
0.157347	-0.0838425	0.983978
0.115431	-0.157269	0.980786
-0.380003	0.325486	0.865827
-0.305708	0.25296	-0.917907
0.191576	-0.154423	0.969254
0.156331	-0.0835822	0.984162
0.115798	-0.15709	0.980772
-0.379932	0.324328	0.866293
-0.305883	0.254966	-0.917294
0.192201	-0.154313	0.969147
0.156841	-0.0825805	0.984165
0.115473	-0.157978	0.980668
-0.380323	0.323029	0.866607
-0.305757	0.252722	-0.917957
0.192581	-0.154462	0.969048
0.157067	-0.0834369	0.984057
0.114838	-0.157115	0.980881
-0.381783	0.323482	0.865795
-0.306168	0.250876	-0.918326
0.19208	-0.153595	0.969285
0.15735	-0.0836554	0.983993
0.114204	-0.156404	0.981068
-0.380565	0.322443	0.866718
-0.306281	0.253152	-0.917663
0.191254	-0.153595	0.969449
0.157315	-0.0827293	0.984077
0.114324	-0.15715	0.980935
-0.379989	0.323415	0.866609
-0.306145	0.253068	-0.917732
0.192836	-0.154022	0.969067
0.157371	-0.0822152	0.984111
0.114994	-0.157632	0.98078
-0.382211	0.323438	0.865622
-0.306642	0.252779	-0.917646
0.191003	-0.154357	0.969377
0.157755	-0.0837731	0.983918
0.115906	-0.155897	0.98095
-0.381017	0.324359	0.865805
-0.304752	0.25207	-0.91847
0.190812	-0.153489	0.969552
0.157399	-0.0834553	0.984002
0.114744	-0.15703	0.980905
-0.382353	0.324978	0.864983
-0.30559	0.255254	-0.917312
0.191688	-0.153404	0.969393
0.157626	-0.0833618	0.983974
0.114756	-0.158798	0.980619
-0.380877	0.325119	0.865581
-0.306188	0.25274	-0.917808
0.191552	-0.154046	0.969318
0.157762	-0.0834208	0.983947
0.114032	-0.158335	0.980779
-0.380704	0.324894	0.865742
-0.306844	0.252572	-0.917635
0.1928	-0.154062	0.969068
0.158182	-0.083019	0.983914
0.113974	-0.158233	0.980802
-0.380736	0.324565	0.865851
-0.307922	0.252682	-0.917244
0.193063	-0.153229	0.969148
0.157744	-0.0827151	0.98401
0.115193	-0.15701	0.980856
-0.381565	0.323597	0.865848
-0.306492	0.252568	-0.917754
0.192776	-0.152788	0.969275
0.157952	-0.0839173	0.983874
0.116149	-0.155872	0.980925
-0.380745	0.323665	0.866184
-0.313235	0.243615	-0.917898
0.195475	-0.148623	0.969381
0.160025	-0.0784559	0.98399
0.118291	-0.151386	0.981371
-0.390255	0.311126	0.866546
-0.311045	0.246054	-0.917991
0.194188	-0.15038	0.969369
0.159922	-0.0811548	0.983788
0.118078	-0.15276	0.981184
-0.388014	0.314929	0.866178
-0.310882	0.247799	-0.917577
0.194293	-0.151264	0.969211
0.159887	-0.0808798	0.983816
0.117548	-0.154751	0.980936
-0.38667	0.317722	0.865759
-0.310589	0.248497	-0.917488
0.195063	-0.151519	0.969016
0.160513	-0.0802651	0.983765
0.116481	-0.154121	0.981162
-0.386906	0.318565	0.865344
-0.311613	0.24692	-0.917566
0.194179	-0.150518	0.96935
0.16055	-0.0791604	0.983848
0.117606	-0.154452	0.980976
-0.387493	0.315716	0.866125
-0.313374	0.243515	-0.917876
0.196386	-0.149676	0.969035
0.161392	-0.07881	0.983739
0.118074	-0.153594	0.981054
-0.389099	0.313913	0.86606
-0.314307	0.243514	-0.917558
0.196071	-0.148774	0.969238
0.161507	-0.0782402	0.983765
0.118562	-0.151847	0.981267
-0.391532	0.310861	0.866065
-0.313325	0.242575	-0.918142
0.195679	-0.148251	0.969397
0.16118	-0.0777246	0.98386
0.118463	-0.152218	0.981222
-0.390741	0.310743	0.866464
-0.312711	0.244115	-0.917943
0.195846	-0.148606	0.969309
0.160951	-0.0791281	0.983785
0.117964	-0.151741	0.981356
-0.390579	0.311785	0.866163
-0.311577	0.246927	-0.917576
0.194848	-0.150226	0.969261
0.160374	-0.0805992	0.98376
0.117488	-0.154049	0.981053
-0.387445	0.315477	0.866233
-0.310454	0.248717	-0.917474
0.194765	-0.151787	0.969034
0.160555	-0.0816953	0.98364
0.117728	-0.153978	0.981036
-0.388018	0.316805	0.865492
-0.310309	0.247485	-0.917856
0.194206	-0.151606	0.969175
0.159411	-0.0799819	0.983967
0.11714	-0.155109	0.980928
-0.386559	0.318186	0.865638
-0.311027	0.246897	-0.917771
0.19462	-0.151223	0.969152
0.16064	-0.0791083	0.983838
0.117609	-0.154337	0.980994
-0.387589	0.315493	0.866164
-0.312873	0.242468	-0.918324
0.195433	-0.14893	0.969343
0.161533	-0.0781478	0.983768
0.117648	-0.152965	0.981204
-0.389787	0.312686	0.866195
-0.312669	0.245339	-0.917631
0.194923	-0.150392	0.96922
0.161805	-0.0796261	0.983605
0.118123	-0.153841	0.98101
-0.389359	0.313375	0.866138
-0.312891	0.244141	-0.917875
0.195904	-0.14891	0.969251
0.160588	-0.0794407	0.983819
0.117761	-0.15275	0.981224
-0.389259	0.312406	0.866533
-0.312198	0.245585	-0.917726
0.195008	-0.149978	0.969267
0.161131	-0.0797289	0.983707
0.117593	-0.153655	0.981103
-0.388774	0.314045	0.866158
-0.312315	0.246825	-0.917353
0.195304	-0.150198	0.969173
0.159993	-0.0798288	0.983885
0.116667	-0.153585	0.981224
-0.387492	0.314242	0.866661
-0.310681	0.246816	-0.91791
0.19397	-0.151149	0.969293
0.159377	-0.0809253	0.983895
0.119321	-0.153903	0.980855
-0.389135	0.317501	0.864736
-0.311243	0.247291	-0.917592
0.193611	-0.152634	0.969132
0.16021	-0.0794491	0.98388
0.116713	-0.15445	0.981083
-0.386289	0.317753	0.865918
-0.311924	0.245139	-0.917938
0.195058	-0.149879	0.969272
0.160136	-0.0796431	0.983877
0.116681	-0.15377	0.981193
-0.388331	0.315062	0.865988
-0.311118	0.247173	-0.917666
0.194523	-0.150978	0.969209
0.160738	-0.0804316	0.983714
0.116033	-0.155148	0.981053
-0.387648	0.316761	0.865674
-0.310997	0.245859	-0.91806
0.195107	-0.150014	0.969242
0.161129	-0.0798588	0.983697
0.116952	-0.154379	0.981065
-0.388456	0.315226	0.865872
-0.312716	0.246683	-0.917255
0.19434	-0.151152	0.969219
0.159805	-0.0799539	0.983905
0.117243	-0.153862	0.981112
-0.388008	0.314762	0.866242
-0.311863	0.245574	-0.917843
0.193835	-0.150459	0.969428
0.160821	-0.0800091	0.983735
0.117526	-0.153783	0.98109
-0.387582	0.314816	0.866413
-0.311971	0.246007	-0.91769
0.195012	-0.150438	0.969195
0.160692	-0.0800527	0.983753
0.116213	-0.154561	0.981125
-0.387315	0.316462	0.865932
-0.310479	0.247687	-0.917744
0.193458	-0.151431	0.969352
0.160042	-0.0808926	0.98379
0.116998	-0.154307	0.981071
-0.38569	0.317063	0.866438
-0.311296	0.248334	-0.917292
0.193383	-0.152201	0.969246
0.160038	-0.0813495	0.983753
0.115989	-0.155241	0.981044
-0.384883	0.31857	0.866244
-0.309569	0.249165	-0.917651
0.192971	-0.152645	0.969258
0.158946	-0.0810504	0.983955
0.116589	-0.155735	0.980894
-0.384216	0.319176	0.866317
-0.309752	0.248682	-0.917721
0.194287	-0.151884	0.969115
0.159402	-0.0807517	0.983906
0.115937	-0.155374	0.981029
-0.386108	0.31824	0.86582
-0.310682	0.247194	-0.917808
0.195357	-0.150908	0.969052
0.159803	-0.0793539	0.983954
0.117726	-0.154025	0.981029
-0.387591	0.31534	0.866218
-0.311154	0.247543	-0.917554
0.194191	-0.149875	0.969447
0.159776	-0.0811797	0.98381
0.116353	-0.154049	0.981188
-0.386107	0.315301	0.866895
-0.311686	0.247789	-0.917307
0.193898	-0.150802	0.969362
0.159467	-0.080814	0.98389
0.1178	-0.154457	0.980952
-0.386357	0.315799	0.866602
-0.311167	0.245919	-0.917986
0.194261	-0.150387	0.969354
0.159541	-0.0816465	0.983809
0.117664	-0.153787	0.981073
-0.388016	0.31675	0.865513
-0.309824	0.248951	-0.917623
0.19391	-0.150448	0.969414
0.159795	-0.0815772	0.983774
0.116899	-0.154261	0.98109
-0.385091	0.317354	0.866597
-0.310746	0.2477	-0.91765
0.192814	-0.151493	0.96947
0.158946	-0.0807634	0.983978
0.117414	-0.155111	0.980895
-0.385291	0.317726	0.866372
-0.309405	0.249857	-0.917519
0.193671	-0.15156	0.969289
0.15967	-0.0804667	0.983885
0.116282	-0.154813	0.981077
-0.386143	0.318316	0.865776
-0.310547	0.248472	-0.917509
0.194578	-0.150779	0.969229
0.160833	-0.0800254	0.983732
0.116931	-0.154892	0.980987
-0.388233	0.316052	0.865671
-0.311496	0.247043	-0.917573
0.193923	-0.150124	0.969462
0.160071	-0.0789791	0.983941
0.116897	-0.154691	0.981023
-0.386939	0.315682	0.866385
-0.311376	0.246397	-0.917787
0.19431	-0.15016	0.969379
0.160082	-0.0795538	0.983893
0.116672	-0.15384	0.981183
-0.387322	0.315431	0.866305
-0.312259	0.245691	-0.917676
0.195218	-0.150432	0.969154
0.159241	-0.0804736	0.983954
0.11762	-0.152223	0.981322
-0.387269	0.314594	0.866633
-0.311247	0.247217	-0.917611
0.194031	-0.151034	0.969299
0.159542	-0.0807533	0.983883
0.117393	-0.154645	0.980971
-0.38667	0.317608	0.865801
-0.310858	0.246049	-0.918056
0.194478	-0.15033	0.969319
0.159819	-0.0804954	0.983859
0.118128	-0.153545	0.981055
-0.386104	0.316361	0.86651
-0.309456	0.248874	-0.917768
0.193184	-0.152072	0.969306
0.159728	-0.0822723	0.983727
0.117639	-0.154427	0.980976
-0.386062	0.317896	0.865967
-0.311849	0.247865	-0.917231
0.19468	-0.151622	0.969077
0.159375	-0.0810684	0.983884
0.117819	-0.154604	0.980926
-0.387299	0.318275	0.865275
-0.310199	0.248451	-0.917632
0.194963	-0.150511	0.969193
0.160586	-0.0806182	0.983724
0.117151	-0.154124	0.981082
-0.386933	0.317042	0.865891
-0.311565	0.245904	-0.917855
0.194887	-0.150811	0.969162
0.161871	-0.0793497	0.983617
0.118242	-0.154253	0.980931
-0.387779	0.316022	0.865885
-0.312978	0.244117	-0.917852
0.195858	-0.148898	0.969262
0.160304	-0.0797231	0.983843
0.117735	-0.153331	0.981136
-0.389368	0.314224	0.865827
-0.312452	0.244313	-0.917979
0.194846	-0.148875	0.96947
0.159443	-0.0801761	0.983946
0.118613	-0.152591	0.981146
-0.387943	0.315611	0.865962
-0.317541	0.239383	-0.917531
0.197721	-0.146294	0.96928
0.163469	-0.0752688	0.983673
0.121016	-0.148309	0.981509
-0.396031	0.302929	0.86683
-0.314661	0.242945	-0.917587
0.197153	-0.147315	0.969241
0.162585	-0.0767469	0.983705
0.119542	-0.150016	0.98143
-0.394674	0.3068	0.866087
-0.313051	0.243442	-0.918006
0.196191	-0.147603	0.969393
0.162675	-0.0785348	0.983549
0.118924	-0.151526	0.981273
-0.393383	0.310268	0.865438
-0.314241	0.244267	-0.91738
0.196382	-0.148477	0.969221
0.162956	-0.0782154	0.983528
0.118699	-0.152524	0.981146
-0.393432	0.310286	0.86541
-0.315443	0.23998	-0.918099
0.197858	-0.146988	0.969148
0.162979	-0.0766635	0.983647
0.119152	-0.151632	0.981229
-0.394831	0.307864	0.865638
-0.318402	0.23761	-0.917693
0.198356	-0.144278	0.969453
0.163931	-0.0753935	0.983586
0.120822	-0.149541	0.981346
-0.396396	0.302938	0.86666
-0.317403	0.237671	-0.918024
0.198381	-0.144633	0.969395
0.163299	-0.0756208	0.983674
0.12039	-0.148501	0.981557
-0.397517	0.302249	0.866386
-0.317712	0.238673	-0.917657
0.198109	-0.145485	0.969323
0.16438	-0.0758875	0.983474
0.120185	-0.148365	0.981602
-0.397254	0.301615	0.866728
-0.316272	0.240376	-0.91771
0.197765	-0.146099	0.969301
0.163218	-0.0768066	0.983596
0.120864	-0.149947	0.981279
-0.395699	0.305286	0.866154
-0.315024	0.242108	-0.917684
0.19722	-0.147376	0.969219
0.161766	-0.077493	0.983782
0.119525	-0.151166	0.981256
-0.393951	0.307304	0.866237
-0.313244	0.243405	-0.91795
0.19654	-0.147143	0.969392
0.161484	-0.0772198	0.98385
0.119592	-0.152179	0.981091
-0.391629	0.309078	0.866659
-0.314516	0.241717	-0.917961
0.196165	-0.147648	0.969391
0.162356	-0.0766253	0.983753
0.119277	-0.151004	0.981311
-0.392287	0.308548	0.86655
-0.316253	0.238715	-0.91815
0.197566	-0.145891	0.969373
0.162291	-0.0757607	0.98383
0.118809	-0.15096	0.981374
-0.394112	0.30581	0.866693
-0.317602	0.237925	-0.917889
0.197449	-0.14514	0.969509
0.164427	-0.0750108	0.983533
0.120576	-0.149259	0.981419
-0.396187	0.30217	0.867023
-0.317135	0.238816	-0.917819
0.198171	-0.146897	0.969097
0.163776	-0.0759554	0.983569
0.12091	-0.150611	0.981171
-0.395104	0.304779	0.866604
-0.31597	0.240247	-0.917848
0.197929	-0.147642	0.969034
0.163802	-0.0764089	0.98353
0.119877	-0.151138	0.981217
-0.396711	0.305847	0.865493
-0.31672	0.240488	-0.917526
0.19766	-0.147059	0.969177
0.163257	-0.076341	0.983626
0.120913	-0.1499	0.98128
-0.395335	0.305464	0.866257
-0.315993	0.240614	-0.917743
0.19848	-0.146051	0.969162
0.162594	-0.0776029	0.983637
0.119691	-0.150844	0.981285
-0.394817	0.308009	0.865592
-0.316389	0.240573	-0.917618
0.196884	-0.147116	0.969326
0.16287	-0.0766193	0.983668
0.120315	-0.149794	0.98137
-0.392879	0.308061	0.866455
-0.316044	0.239493	-0.918019
0.196777	-0.14779	0.969246
0.163246	-0.0772547	0.983556
0.119572	-0.149961	0.981435
-0.392603	0.308721	0.866345
-0.317936	0.238419	-0.917645
0.196752	-0.147518	0.969292
0.163193	-0.0755255	0.983699
0.119861	-0.149677	0.981443
-0.394285	0.306255	0.866457
-0.315105	0.241878	-0.917717
0.19727	-0.148282	0.96907
0.163776	-0.0775086	0.983448
0.11885	-0.151209	0.981331
-0.393015	0.309291	0.865955
-0.314856	0.242489	-0.917641
0.195839	-0.148619	0.969309
0.162858	-0.0769977	0.983641
0.119807	-0.150449	0.981332
-0.394052	0.307752	0.866032
-0.316362	0.240645	-0.917608
0.197737	-0.146739	0.96921
0.162978	-0.076919	0.983627
0.119605	-0.151253	0.981232
-0.394046	0.306873	0.866347
-0.316779	0.240985	-0.917375
0.197612	-0.147029	0.969191
0.16336	-0.0763146	0.98361
0.120441	-0.15133	0.981118
-0.394298	0.306965	0.866199
-0.31813	0.238505	-0.917556
0.198124	-0.146378	0.969185
0.163099	-0.0764228	0.983645
0.119743	-0.149488	0.981486
-0.394863	0.305327	0.866521
-0.317262	0.238544	-0.917846
0.196843	-0.146841	0.969376
0.162172	-0.0774006	0.983722
0.120139	-0.149635	0.981415
-0.394548	0.306738	0.866166
-0.316301	0.24059	-0.917644
0.195819	-0.147986	0.96941
0.161756	-0.0781058	0.983735
0.119455	-0.150359	0.981388
-0.393124	0.307308	0.866612
-0.314414	0.243149	-0.917618
0.19664	-0.148493	0.969166
0.162682	-0.0777999	0.983607
0.119793	-0.151141	0.981227
-0.391309	0.310452	0.866312
-0.315566	0.242611	-0.917364
0.196554	-0.147499	0.969335
0.162278	-0.0773245	0.983711
0.11878	-0.151817	0.981246
-0.39479	0.307838	0.865665
-0.313945	0.243335	-0.917729
0.196904	-0.148283	0.969144
0.163107	-0.0773063	0.983575
0.118785	-0.152297	0.981171
-0.392842	0.310197	0.86571
-0.315946	0.241065	-0.917641
0.197479	-0.146623	0.96928
0.16299	-0.0769918	0.983619
0.119129	-0.15079	0.981362
-0.393674	0.30673	0.866567
-0.31697	0.237791	-0.918143
0.198117	-0.146068	0.969234
0.163589	-0.0763058	0.983573
0.119431	-0.150122	0.981427
-0.395288	0.305463	0.866279
-0.317338	0.238442	-0.917847
0.198129	-0.146422	0.969178
0.161503	-0.0771067	0.983855
0.120499	-0.149539	0.981386
-0.394721	0.304898	0.866736
-0.31628	0.239885	-0.917836
0.197293	-0.147856	0.969131
0.161262	-0.0771795	0.983889
0.119384	-0.149923	0.981464
-0.392611	0.307364	0.866824
-0.314823	0.241177	-0.917998
0.196761	-0.147112	0.969352
0.162091	-0.0778375	0.983701
0.120165	-0.151439	0.981135
-0.39375	0.308442	0.865924
-0.313937	0.24346	-0.917699
0.196313	-0.149281	0.969111
0.162188	-0.078431	0.983638
0.118728	-0.152309	0.981176
-0.391136	0.31149	0.866018
-0.313698	0.243723	-0.91771
0.195709	-0.148556	0.969345
0.162529	-0.0776596	0.983643
0.119066	-0.152872	0.981047
-0.391099	0.310545	0.866374
-0.31528	0.242331	-0.917537
0.197802	-0.146124	0.96929
0.163745	-0.0770679	0.983488
0.119358	-0.150781	0.981335
-0.39442	0.307737	0.86587
-0.317887	0.238183	-0.917724
0.198577	-0.145115	0.969283
0.163928	-0.0760939	0.983533
0.120684	-0.150074	0.981281
-0.395684	0.304547	0.866421
-0.319747	0.236304	-0.917563
0.198502	-0.14531	0.969269
0.164211	-0.0754134	0.983538
0.121117	-0.148814	0.98142
-0.396775	0.303331	0.866348
-0.318164	0.238273	-0.917604
0.197764	-0.146535	0.969235
0.164118	-0.0767761	0.983448
0.120343	-0.148256	0.9816
-0.395991	0.304754	0.866208
-0.317036	0.241184	-0.917234
0.197909	-0.146615	0.969194
0.163101	-0.0778546	0.983533
0.120873	-0.149462	0.981351
-0.396042	0.305112	0.866059
-0.31411	0.242996	-0.917762
0.195922	-0.149189	0.969204
0.162121	-0.0772724	0.983741
0.119546	-0.152286	0.98108
-0.393559	0.309794	0.865528
-0.313433	0.244962	-0.917471
0.196779	-0.149505	0.968982
0.162527	-0.0783967	0.983585
0.118384	-0.152115	0.981247
-0.391597	0.311165	0.865926
-0.314494	0.243176	-0.917583
0.196866	-0.147406	0.969286
0.162906	-0.0773929	0.983602
0.119993	-0.151872	0.98109
-0.393253	0.309745	0.865685
-0.316618	0.239718	-0.917763
0.198542	-0.146415	0.969094
0.163803	-0.0755268	0.983598
0.119827	-0.150234	0.981362
-0.395856	0.305377	0.86605
-0.319239	0.23665	-0.917651
0.198937	-0.145049	0.969219
0.164247	-0.0749762	0.983566
0.121512	-0.148439	0.981428
-0.397008	0.302173	0.866646
-0.318141	0.236754	-0.918005
0.198125	-0.144866	0.969412
0.163573	-0.0760445	0.983596
0.120808	-0.149116	0.981412
-0.397131	0.302363	0.866524
-0.316136	0.24036	-0.917761
0.199254	-0.144113	0.969293
0.163964	-0.0756243	0.983563
0.122093	-0.148291	0.981378
-0.399717	0.300141	0.866107
-0.313448	0.243911	-0.917746
0.197861	-0.147126	0.969126
0.163264	-0.0761116	0.983642
0.120646	-0.149669	0.981348
-0.396569	0.305517	0.865675
-0.312757	0.245724	-0.917498
0.197962	-0.146361	0.969221
0.162464	-0.0766681	0.983731
0.119932	-0.149427	0.981472
-0.394407	0.306312	0.866381
-0.313166	0.243131	-0.918049
0.19774	-0.145955	0.969328
0.163212	-0.0759851	0.983661
0.119723	-0.149936	0.98142
-0.394937	0.305871	0.866295
-0.314894	0.241026	-0.918013
0.198842	-0.144068	0.969384
0.164068	-0.0734097	0.983714
0.120839	-0.14884	0.98145
-0.39749	0.300715	0.866933
-0.317754	0.236653	-0.918165
0.200509	-0.142887	0.969216
0.165518	-0.0729994	0.983501
0.122612	-0.148064	0.981348
-0.401957	0.297896	0.865846
-0.318164	0.238272	-0.917605
0.2001	-0.144817	0.969014
0.165515	-0.0735628	0.98346
0.122323	-0.146338	0.981643
-0.402334	0.296726	0.866072
-0.316688	0.239256	-0.917859
0.199747	-0.145083	0.969047
0.164449	-0.0744669	0.983571
0.122402	-0.148188	0.981355
-0.399724	0.300467	0.865991
-0.315417	0.240695	-0.917921
0.199388	-0.145193	0.969104
0.164069	-0.075298	0.983571
0.121109	-0.148478	0.981472
-0.398139	0.301461	0.866376
-0.314073	0.243958	-0.91752
0.199372	-0.144413	0.969224
0.163127	-0.0764834	0.983636
0.120458	-0.149773	0.981355
-0.395473	0.303974	0.866718
-0.314877	0.243082	-0.917477
0.198648	-0.145516	0.969208
0.163581	-0.0753376	0.983649
0.120673	-0.148816	0.981474
-0.395808	0.303909	0.866588
-0.315823	0.240219	-0.917906
0.199498	-0.144762	0.969146
0.164761	-0.0735977	0.983584
0.121443	-0.146835	0.981678
-0.398666	0.300985	0.866299
-0.317083	0.238905	-0.917814
0.200158	-0.143806	0.969153
0.164924	-0.0734547	0.983567
0.122492	-0.148057	0.981364
-0.400958	0.297972	0.866283
-0.317113	0.239156	-0.917738
0.200246	-0.143891	0.969122
0.165262	-0.0738547	0.983481
0.122512	-0.147422	0.981457
-0.400698	0.298007	0.866391
-0.317058	0.239466	-0.917677
0.198954	-0.144637	0.969277
0.165637	-0.0738258	0.98342
0.121849	-0.148711	0.981345
-0.40025	0.299488	0.866087
-0.315537	0.240745	-0.917866
0.199162	-0.145073	0.969169
0.164204	-0.0742742	0.983626
0.12077	-0.148685	0.981482
-0.399928	0.30123	0.865631
-0.315114	0.240737	-0.918014
0.199697	-0.14399	0.96922
0.164662	-0.0745844	0.983526
0.120992	-0.148421	0.981495
-0.398333	0.301861	0.866147
-0.316113	0.238696	-0.918203
0.1997	-0.143976	0.969222
0.164954	-0.0744372	0.983488
0.122296	-0.147661	0.981448
-0.399614	0.299149	0.866498
-0.317279	0.23808	-0.917961
0.199943	-0.143398	0.969258
0.165712	-0.0749211	0.983324
0.122208	-0.146953	0.981565
-0.400815	0.299025	0.865986
-0.318363	0.237976	-0.917612
0.19981	-0.143482	0.969272
0.166245	-0.073925	0.98331
0.122843	-0.14604	0.981622
-0.401388	0.299046	0.865713
-0.317562	0.238292	-0.917808
0.199535	-0.144275	0.969211
0.16515	-0.0737078	0.98351
0.121868	-0.147767	0.981485
-0.402954	0.297613	0.865479
-0.317132	0.240447	-0.917395
0.198916	-0.145173	0.969204
0.16432	-0.0741023	0.98362
0.122003	-0.149259	0.981243
-0.399227	0.299228	0.866649
-0.315914	0.241311	-0.917588
0.198802	-0.145619	0.969161
0.164731	-0.075456	0.983448
0.121358	-0.149885	0.981227
-0.398479	0.30117	0.86632
-0.315719	0.239879	-0.91803
0.19999	-0.144631	0.969064
0.164881	-0.0740249	0.983532
0.120509	-0.149422	0.981402
-0.398898	0.301423	0.86604
-0.317894	0.23793	-0.917787
0.200487	-0.143477	0.969133
0.1658	-0.0736266	0.983407
0.121802	-0.148069	0.981448
-0.400675	0.298843	0.866113
-0.317881	0.23762	-0.917872
0.199912	-0.143402	0.969263
0.166762	-0.0731329	0.983281
0.122638	-0.145547	0.981721
-0.401702	0.296827	0.866331
-0.319066	0.236861	-0.917656
0.199988	-0.144297	0.969115
0.165858	-0.0729481	0.983448
0.121969	-0.147164	0.981563
-0.400624	0.296291	0.867013
-0.319121	0.238608	-0.917185
0.199176	-0.14516	0.969153
0.164821	-0.0745387	0.983503
0.121574	-0.146879	0.981655
-0.400528	0.297794	0.866543
-0.316161	0.240393	-0.917744
0.198913	-0.145759	0.969117
0.162962	-0.0758803	0.98371
0.121494	-0.148902	0.98136
-0.398979	0.301996	0.865803
-0.315077	0.242865	-0.917466
0.197839	-0.146747	0.969188
0.164302	-0.0760271	0.983476
0.120984	-0.150058	0.981247
-0.396806	0.303659	0.866219
-0.314366	0.241537	-0.91806
0.197916	-0.146396	0.969225
0.164154	-0.0741408	0.983645
0.120456	-0.149388	0.981414
-0.3974	0.302789	0.866252
-0.317744	0.238991	-0.917563
0.199381	-0.143594	0.969344
0.165311	-0.0732268	0.983519
0.122502	-0.148433	0.981306
-0.399906	0.299862	0.866117
-0.319438	0.23645	-0.917633
0.200896	-0.142493	0.969194
0.165677	-0.0727547	0.983493
0.123775	-0.146143	0.98149
-0.401707	0.295209	0.866881
-0.319002	0.237212	-0.917588
0.200258	-0.143131	0.969232
0.165443	-0.0740981	0.983432
0.123001	-0.146373	0.981553
-0.402069	0.29798	0.865764
-0.317919	0.237716	-0.917834
0.199614	-0.144528	0.969157
0.16593	-0.0739784	0.983359
0.122581	-0.146368	0.981606
-0.400971	0.29887	0.865967
-0.316083	0.240757	-0.917675
0.198404	-0.146061	0.969176
0.163302	-0.076271	0.983624
0.121604	-0.148601	0.981392
-0.398135	0.302519	0.866008
-0.314257	0.243837	-0.917489
0.197403	-0.146913	0.969252
0.162553	-0.0765756	0.983724
0.120525	-0.150273	0.981271
-0.396345	0.304948	0.865978
-0.314181	0.244241	-0.917408
0.197602	-0.146616	0.969256
0.16324	-0.076646	0.983605
0.119604	-0.15123	0.981236
-0.39456	0.306114	0.866381
-0.315158	0.242405	-0.91756
0.199159	-0.145281	0.969138
0.164805	-0.0743214	0.983522
0.119799	-0.149869	0.981421
-0.397813	0.302246	0.866252
-0.31842	0.23731	-0.917765
0.200649	-0.142239	0.969282
0.1661	-0.0725068	0.98344
0.122786	-0.147006	0.981485
-0.401356	0.296379	0.866645
-0.318506	0.235961	-0.918083
0.2007	-0.142653	0.969211
0.167056	-0.0723097	0.983292
0.122847	-0.145602	0.981687
-0.403428	0.294509	0.86632
-0.317613	0.237867	-0.9179
0.199664	-0.14537	0.969021
0.164487	-0.0740968	0.983592
0.122559	-0.146628	0.98157
-0.403088	0.297611	0.865418
-0.316633	0.240144	-0.917646
0.198714	-0.145684	0.969169
0.163954	-0.0754296	0.98358
0.122084	-0.147814	0.981451
-0.39875	0.301474	0.86609
-0.31468	0.243378	-0.917466
0.197625	-0.14638	0.969287
0.162627	-0.0772963	0.983655
0.120461	-0.150363	0.981264
-0.396068	0.306243	0.865647
-0.313454	0.24729	-0.91684
0.197696	-0.147889	0.969043
0.163246	-0.0768536	0.983587
0.119536	-0.151886	0.981143
-0.394883	0.307235	0.865837
-0.313661	0.242007	-0.918177
0.198063	-0.145886	0.969272
0.164455	-0.0750575	0.983525
0.120759	-0.149872	0.981303
-0.396536	0.304747	0.865961
-0.317508	0.238392	-0.917801
0.200349	-0.143302	0.969188
0.165302	-0.0718548	0.983622
0.121283	-0.146526	0.981744
-0.400915	0.298166	0.866235
-0.318435	0.23663	-0.917935
0.200544	-0.1423	0.969295
0.166579	-0.0723102	0.983373
0.122298	-0.145612	0.981754
-0.403614	0.294018	0.8664
-0.317899	0.237662	-0.917854
0.199628	-0.144267	0.969193
0.165698	-0.0751057	0.983312
0.122753	-0.147498	0.981415
-0.40235	0.29824	0.865545
-0.311194	0.247645	-0.917513
0.19697	-0.147995	0.969175
0.162525	-0.0780171	0.983615
0.120129	-0.150362	0.981305
-0.394368	0.30628	0.86641
-0.309642	0.250069	-0.917381
0.196344	-0.147588	0.969364
0.16085	-0.0789465	0.983816
0.118877	-0.151197	0.98133
-0.3913	0.310197	0.866408
-0.308858	0.250193	-0.917611
0.195809	-0.148014	0.969407
0.161431	-0.0782064	0.98378
0.119653	-0.15119	0.981236
-0.39037	0.310442	0.866739
-0.308807	0.249129	-0.917918
0.196494	-0.147259	0.969384
0.162252	-0.0775801	0.983695
0.119094	-0.150785	0.981367
-0.392035	0.309159	0.866446
-0.310581	0.247622	-0.917727
0.196528	-0.147473	0.969344
0.162417	-0.0773594	0.983685
0.11877	-0.150468	0.981455
-0.392866	0.307752	0.866571
-0.311568	0.245873	-0.917863
0.197675	-0.145563	0.9694
0.16399	-0.0759215	0.983536
0.119928	-0.1488	0.981568
-0.394935	0.303688	0.867064
-0.312444	0.245763	-0.917594
0.197918	-0.146494	0.96921
0.163484	-0.075776	0.983632
0.120096	-0.149581	0.981429
-0.396662	0.304568	0.865967
-0.311089	0.246999	-0.917723
0.198225	-0.146994	0.969071
0.163051	-0.077067	0.983603
0.119883	-0.150525	0.981311
-0.395666	0.305451	0.866111
-0.308989	0.247693	-0.918245
0.196405	-0.146731	0.969482
0.1621	-0.0769547	0.983769
0.12034	-0.150359	0.98128
-0.393184	0.308226	0.866258
-0.311399	0.247551	-0.917469
0.197361	-0.146597	0.969308
0.162217	-0.0769527	0.98375
0.118977	-0.151159	0.981323
-0.39184	0.308427	0.866796
-0.310028	0.248095	-0.917786
0.19814	-0.146861	0.969109
0.162644	-0.076825	0.983689
0.118993	-0.150296	0.981454
-0.392064	0.307433	0.867047
-0.309332	0.248487	-0.917915
0.197649	-0.145657	0.969391
0.162576	-0.0764173	0.983732
0.119702	-0.150017	0.98141
-0.393074	0.305636	0.867225
-0.310597	0.246471	-0.918031
0.198333	-0.145931	0.96921
0.16329	-0.0758594	0.983657
0.120856	-0.149251	0.981386
-0.394713	0.304524	0.866872
-0.312607	0.245522	-0.917603
0.197879	-0.146302	0.969247
0.163558	-0.0763709	0.983573
0.121217	-0.148887	0.981397
-0.396041	0.304569	0.86625
-0.311402	0.246556	-0.917736
0.197039	-0.145963	0.969469
0.163285	-0.0761843	0.983633
0.120209	-0.150267	0.98131
-0.395971	0.30515	0.866078
-0.311648	0.246395	-0.917695
0.197188	-0.146595	0.969344
0.162453	-0.0768331	0.98372
0.119427	-0.150083	0.981434
-0.39419	0.307022	0.866229
-0.311092	0.247883	-0.917483
0.197391	-0.147215	0.969208
0.163079	-0.0763996	0.98365
0.119976	-0.150584	0.98129
-0.392835	0.307142	0.866801
-0.311969	0.245176	-0.917913
0.198252	-0.145683	0.969264
0.163576	-0.0750492	0.983672
0.119747	-0.14975	0.981446
-0.395083	0.304572	0.866687
-0.31163	0.245413	-0.917965
0.198773	-0.145636	0.969164
0.164609	-0.0753124	0.98348
0.121017	-0.149226	0.98137
-0.397079	0.303515	0.866145
-0.312603	0.24481	-0.917795
0.199042	-0.145381	0.969147
0.164482	-0.0745265	0.983561
0.121139	-0.148278	0.981498
-0.398741	0.301686	0.86602
-0.312429	0.244968	-0.917812
0.198412	-0.146334	0.969133
0.163653	-0.0753815	0.983634
0.12114	-0.149193	0.98136
-0.39674	0.30231	0.866721
-0.31136	0.245618	-0.918001
0.196737	-0.14665	0.969427
0.163032	-0.0764196	0.983657
0.119971	-0.149565	0.981447
-0.395666	0.304724	0.866367
-0.310949	0.246056	-0.918024
0.196557	-0.148474	0.969186
0.162652	-0.0771896	0.98366
0.120115	-0.151291	0.981164
-0.39394	0.307775	0.866075
-0.310841	0.247248	-0.91774
0.197189	-0.146195	0.969404
0.16263	-0.0755902	0.983787
0.12012	-0.150617	0.981267
-0.39466	0.305807	0.866444
-0.312096	0.24532	-0.917831
0.199006	-0.145759	0.969098
0.16443	-0.0753082	0.98351
0.120604	-0.148991	0.981456
-0.396003	0.302967	0.866829
-0.312747	0.244146	-0.917923
0.19957	-0.145283	0.969053
0.164245	-0.0740869	0.983633
0.121034	-0.148059	0.981544
-0.397654	0.303073	0.866036
-0.312657	0.244736	-0.917796
0.198232	-0.145435	0.969305
0.165146	-0.0759602	0.98334
0.121706	-0.147955	0.981477
-0.398081	0.30239	0.866078
-0.313178	0.244784	-0.917606
0.198326	-0.146514	0.969124
0.163363	-0.0760748	0.983628
0.120772	-0.148435	0.98152
-0.397735	0.303551	0.865831
-0.311953	0.245925	-0.917718
0.197163	-0.147229	0.969253
0.16296	-0.0758087	0.983716
0.120275	-0.149324	0.981446
-0.395583	0.30323	0.866929
-0.309423	0.247528	-0.918143
0.196391	-0.148521	0.969212
0.161983	-0.0775231	0.983744
0.119057	-0.151956	0.98119
-0.393575	0.307621	0.866296
-0.310134	0.247951	-0.917789
0.196849	-0.147264	0.969311
0.163346	-0.0762062	0.983621
0.119	-0.152215	0.981157
-0.393369	0.309202	0.865826
-0.311978	0.246111	-0.91766
0.198241	-0.145296	0.969324
0.163605	-0.0750702	0.983665
0.120217	-0.150535	0.981268
-0.395173	0.304443	0.866691
-0.312411	0.24521	-0.917754
0.198452	-0.144689	0.969372
0.165211	-0.0750451	0.983399
0.120937	-0.148754	0.981451
-0.397984	0.300918	0.866635
-0.312043	0.244566	-0.918051
0.198478	-0.14579	0.969201
0.164345	-0.0748899	0.983556
0.121012	-0.148075	0.981545
-0.398641	0.301386	0.866171
-0.312675	0.244797	-0.917774
0.198207	-0.145878	0.969244
0.164297	-0.075667	0.983504
0.120658	-0.14877	0.981483
-0.397464	0.302698	0.866254
-0.311208	0.246906	-0.917707
0.196795	-0.148352	0.969156
0.162849	-0.0768319	0.983655
0.119754	-0.149885	0.981424
-0.394879	0.305614	0.866413
-0.309938	0.248264	-0.917771
0.197013	-0.149872	0.968878
0.161516	-0.0783507	0.983755
0.118939	-0.151562	0.981266
-0.393725	0.309627	0.865512
-0.309272	0.249346	-0.917702
0.196186	-0.149096	0.969165
0.161541	-0.0786028	0.983731
0.118942	-0.153847	0.98091
-0.391404	0.312061	0.865691
-0.310113	0.247513	-0.917915
0.197561	-0.147058	0.969197
0.162961	-0.0759855	0.983702
0.119287	-0.151496	0.981234
-0.393607	0.306939	0.866523
-0.312613	0.245489	-0.91761
0.198879	-0.145449	0.96917
0.164717	-0.0750647	0.98348
0.120796	-0.14928	0.981389
-0.396608	0.302665	0.866658
-0.311935	0.244793	-0.918027
0.198611	-0.144054	0.969434
0.164064	-0.0742757	0.983649
0.12076	-0.148523	0.981508
-0.397958	0.300511	0.866789
-0.31164	0.246708	-0.917614
0.19796	-0.1461	0.969261
0.163786	-0.0760283	0.983562
0.120224	-0.148305	0.981607
-0.395925	0.302852	0.866905
-0.310709	0.246935	-0.917869
0.197031	-0.148229	0.969127
0.162936	-0.0773642	0.983599
0.120565	-0.149121	0.981441
-0.395192	0.305016	0.866481
-0.309069	0.249001	-0.917864
0.195428	-0.148604	0.969394
0.161204	-0.0780469	0.98383
0.118148	-0.15229	0.981249
-0.391371	0.310225	0.866365
-0.309899	0.250557	-0.917161
0.196904	-0.149478	0.968961
0.16164	-0.078623	0.983713
0.119228	-0.152935	0.981018
-0.390872	0.313157	0.865536
-0.308552	0.250531	-0.917622
0.196059	-0.147519	0.969432
0.162605	-0.0761038	0.983752
0.118291	-0.152141	0.981255
-0.39215	0.310044	0.866078
-0.310843	0.246292	-0.917996
0.197859	-0.146232	0.969262
0.163172	-0.075181	0.983729
0.119316	-0.150218	0.981427
-0.394679	0.304737	0.866812
-0.31232	0.24568	-0.917659
0.198324	-0.145539	0.969271
0.164517	-0.0750277	0.983517
0.120311	-0.14877	0.981526
-0.396509	0.302298	0.866832
-0.311546	0.24568	-0.917922
0.198148	-0.145411	0.969326
0.163238	-0.075609	0.983685
0.119952	-0.149357	0.98148
-0.39656	0.30165	0.867034
-0.305487	0.254274	-0.917618
0.194786	-0.152489	0.96892
0.158803	-0.0810136	0.983981
0.116287	-0.155029	0.981042
-0.385203	0.319044	0.865927
-0.304592	0.254299	-0.917908
0.194012	-0.15162	0.969211
0.161544	-0.0804423	0.983581
0.117298	-0.154694	0.980974
-0.385392	0.317842	0.866285
-0.305341	0.254982	-0.91747
0.19232	-0.151721	0.969533
0.159207	-0.0810015	0.983917
0.116783	-0.155198	0.980956
-0.385833	0.319729	0.865394
-0.304705	0.25743	-0.916998
0.193994	-0.151989	0.969157
0.158096	-0.0807736	0.984115
0.116743	-0.15606	0.980824
-0.386074	0.317128	0.866243
-0.302943	0.256428	-0.917862
0.193769	-0.152105	0.969184
0.159058	-0.0815947	0.983892
0.115898	-0.155461	0.98102
-0.385505	0.31873	0.865908
-0.306081	0.255599	-0.917051
0.19355	-0.150486	0.969481
0.159808	-0.0799579	0.983905
0.117679	-0.154112	0.98102
-0.386776	0.316165	0.866282
-0.305301	0.254105	-0.917726
0.194571	-0.150652	0.96925
0.159589	-0.0801562	0.983924
0.117062	-0.154918	0.980967
-0.387913	0.316572	0.865624
-0.306555	0.252902	-0.917641
0.194925	-0.151304	0.969077
0.159634	-0.0803126	0.983904
0.117351	-0.153379	0.981175
-0.387042	0.317125	0.865812
-0.305599	0.253972	-0.917664
0.193287	-0.151346	0.969399
0.158583	-0.0808481	0.98403
0.116354	-0.155033	0.981033
-0.384773	0.31933	0.866013
-0.304624	0.254494	-0.917844
0.194201	-0.150901	0.969286
0.158885	-0.0802493	0.98403
0.116938	-0.156034	0.980805
-0.386828	0.316454	0.866153
-0.303998	0.255838	-0.917678
0.193021	-0.15198	0.969353
0.159218	-0.0807614	0.983935
0.11667	-0.154022	0.981155
-0.385713	0.317487	0.866272
-0.304597	0.254851	-0.917754
0.193446	-0.152291	0.969219
0.158901	-0.0809515	0.98397
0.116753	-0.155017	0.980988
-0.385051	0.318714	0.866116
-0.304766	0.254885	-0.917688
0.193722	-0.151494	0.969289
0.15943	-0.0800715	0.983957
0.116462	-0.154285	0.981138
-0.385291	0.318008	0.866269
-0.305625	0.255013	-0.917367
0.194023	-0.151362	0.969249
0.160139	-0.0810849	0.983758
0.117403	-0.154835	0.98094
-0.386876	0.318355	0.865435
-0.306118	0.254414	-0.917368
0.19473	-0.151223	0.969129
0.158733	-0.0813478	0.983965
0.117177	-0.155897	0.980798
-0.386991	0.316333	0.866124
-0.30671	0.253125	-0.917527
0.194097	-0.150405	0.969384
0.159595	-0.0810688	0.983848
0.117611	-0.154817	0.980918
-0.385834	0.317818	0.866097
-0.304705	0.254496	-0.917816
0.194082	-0.150539	0.969366
0.159533	-0.0802474	0.983926
0.115446	-0.153788	0.981337
-0.384888	0.317377	0.866679
-0.30498	0.252588	-0.918252
0.1941	-0.149512	0.969521
0.159748	-0.080333	0.983884
0.116979	-0.154036	0.981116
-0.387649	0.316718	0.865689
-0.304889	0.254115	-0.917861
0.195568	-0.151281	0.968952
0.159581	-0.0802125	0.983921
0.116118	-0.153195	0.98135
-0.385507	0.317881	0.86622
-0.305072	0.253805	-0.917885
0.193542	-0.150386	0.969498
0.159181	-0.0805776	0.983956
0.117053	-0.153957	0.98112
-0.385061	0.317022	0.866732
-0.305129	0.254907	-0.917561
0.194211	-0.151598	0.969175
0.160559	-0.0798163	0.983794
0.116703	-0.154659	0.981051
-0.386294	0.318347	0.865698
-0.304695	0.255247	-0.917611
0.194069	-0.151006	0.969296
0.159331	-0.0804406	0.983943
0.117209	-0.153577	0.981161
-0.384857	0.317475	0.866657
-0.306012	0.254146	-0.917478
0.193505	-0.151043	0.969403
0.159703	-0.0808622	0.983848
0.117306	-0.155025	0.980921
-0.386262	0.316945	0.866226
-0.306062	0.253674	-0.917592
0.194799	-0.151363	0.969094
0.159896	-0.0807409	0.983826
0.116574	-0.154359	0.981114
-0.386638	0.316839	0.866097
-0.304633	0.252547	-0.918378
0.194281	-0.150434	0.969342
0.159977	-0.0801568	0.983861
0.117372	-0.153665	0.981127
-0.386718	0.315062	0.866709
-0.305019	0.25278	-0.918186
0.194515	-0.150068	0.969352
0.159606	-0.0792337	0.983996
0.116458	-0.154501	0.981105
-0.386737	0.313306	0.867337
-0.305587	0.253788	-0.917719
0.194939	-0.150784	0.969156
0.159813	-0.0802165	0.983883
0.11721	-0.153689	0.981143
-0.387377	0.316083	0.866043
-0.304778	0.255198	-0.917597
0.195402	-0.150579	0.969094
0.159324	-0.0796773	0.984006
0.117207	-0.154894	0.980954
-0.385945	0.316269	0.866614
-0.304966	0.254368	-0.917765
0.194524	-0.151297	0.969159
0.159259	-0.0808954	0.983917
0.116772	-0.153296	0.981257
-0.386855	0.315569	0.866464
-0.303886	0.255596	-0.917782
0.193092	-0.151876	0.969355
0.158911	-0.0814218	0.98393
0.115337	-0.155766	0.981037
-0.385182	0.319237	0.865865
-0.304509	0.253889	-0.918049
0.193608	-0.152409	0.969169
0.159675	-0.080587	0.983875
0.116911	-0.155297	0.980925
-0.386065	0.317951	0.865945
-0.305846	0.253921	-0.917596
0.19375	-0.150872	0.969381
0.160197	-0.0808673	0.983767
0.116588	-0.15457	0.981079
-0.387185	0.315989	0.866163
-0.304329	0.254931	-0.91782
0.193666	-0.151097	0.969362
0.159728	-0.0805761	0.983867
0.116498	-0.154059	0.98117
-0.386281	0.316395	0.866419
-0.304512	0.25447	-0.917888
0.193723	-0.151798	0.969241
0.159573	-0.0807504	0.983878
0.116853	-0.154463	0.981064
-0.386054	0.316142	0.866612
-0.304779	0.254515	-0.917787
0.194822	-0.151076	0.969134
0.16027	-0.081009	0.983743
0.116724	-0.154927	0.981006
-0.38706	0.317632	0.865618
-0.304791	0.255339	-0.917553
0.193878	-0.151893	0.969195
0.159217	-0.0816004	0.983865
0.11656	-0.154226	0.981136
-0.385678	0.317635	0.866233
-0.304982	0.257238	-0.916959
0.193041	-0.15235	0.969291
0.159129	-0.0802554	0.98399
0.117724	-0.154528	0.98095
-0.386036	0.31733	0.866186
-0.304505	0.255351	-0.917645
0.192543	-0.153205	0.969255
0.15901	-0.080429	0.983995
0.116698	-0.154981	0.981001
-0.384384	0.317399	0.866895
-0.305104	0.255604	-0.917376
0.193014	-0.151136	0.969486
0.159175	-0.0806341	0.983952
0.115228	-0.155269	0.981129
-0.384646	0.318449	0.866394
-0.303616	0.253641	-0.918414
0.193489	-0.15074	0.969453
0.15909	-0.0809051	0.983943
0.116501	-0.154442	0.981109
-0.385287	0.31814	0.866222
-0.305949	0.254589	-0.917376
0.193012	-0.151866	0.969372
0.159908	-0.0802643	0.983863
0.117969	-0.153681	0.981053
-0.385016	0.31823	0.86631
-0.304266	0.255718	-0.917622
0.194855	-0.151292	0.969094
0.159701	-0.0805214	0.983876
0.117011	-0.155109	0.980943
-0.386073	0.318376	0.865785
-0.302773	0.256202	-0.917981
0.193582	-0.151511	0.969314
0.158794	-0.0822173	0.983882
0.116526	-0.155694	0.980908
-0.385418	0.318925	0.865876
-0.30561	0.255358	-0.917276
0.193922	-0.151557	0.969239
0.158696	-0.0819923	0.983917
0.11687	-0.15564	0.980876
-0.385375	0.319874	0.865544
-0.304215	0.255879	-0.917594
0.19337	-0.152827	0.96915
0.158516	-0.0824848	0.983905
0.116129	-0.155754	0.980946
-0.384163	0.320522	0.865843
-0.303655	0.256145	-0.917706
0.193638	-0.152071	0.969216
0.158935	-0.0807067	0.983985
0.115586	-0.155713	0.981017
-0.383523	0.32066	0.866076
-0.303613	0.256477	-0.917627
0.194505	-0.150789	0.969242
0.1589	-0.0815764	0.983919
0.116949	-0.155752	0.980849
-0.384675	0.318435	0.866386
-0.305001	0.254508	-0.917715
0.195294	-0.151189	0.969021
0.160213	-0.0803065	0.98381
0.117341	-0.154638	0.980978
-0.386282	0.316519	0.866373
-0.304257	0.254963	-0.917835
0.19339	-0.151235	0.969396
0.159347	-0.0802959	0.983952
0.117606	-0.155246	0.98085
-0.384921	0.318173	0.866373
-0.301532	0.258569	-0.917726
0.191848	-0.154645	0.969164
0.157274	-0.0837213	0.984
0.115108	-0.157796	0.98074
-0.380806	0.326579	0.865062
-0.302161	0.259229	-0.917333
0.191462	-0.154851	0.969208
0.156013	-0.0843989	0.984143
0.115116	-0.157835	0.980733
-0.379141	0.326478	0.865831
-0.3	0.260184	-0.917771
0.191702	-0.154078	0.969283
0.155133	-0.0860021	0.984143
0.115246	-0.158954	0.980536
-0.379523	0.325391	0.866073
-0.299923	0.259116	-0.918099
0.190879	-0.155976	0.969142
0.156702	-0.0848829	0.983991
0.11409	-0.158173	0.980798
-0.377181	0.328644	0.865868
-0.301191	0.262058	-0.916848
0.191595	-0.155529	0.969073
0.15669	-0.0851892	0.983967
0.113106	-0.158267	0.980897
-0.378194	0.326879	0.866095
-0.302028	0.260023	-0.917152
0.191551	-0.155145	0.969143
0.158249	-0.0843944	0.983786
0.114878	-0.15772	0.980779
-0.379154	0.328065	0.865226
-0.301005	0.258241	-0.917991
0.191711	-0.155646	0.969031
0.157384	-0.0837914	0.983976
0.112893	-0.15839	0.980902
-0.378209	0.326132	0.866369
-0.302585	0.258491	-0.917401
0.19309	-0.15436	0.968963
0.157535	-0.0834259	0.983983
0.114863	-0.158176	0.980707
-0.382877	0.325093	0.864708
-0.30385	0.257018	-0.917397
0.191113	-0.153774	0.969448
0.156517	-0.0835693	0.984133
0.114317	-0.158816	0.980668
-0.378872	0.324959	0.866521
-0.302687	0.258458	-0.917377
0.192216	-0.15361	0.969256
0.158149	-0.0836824	0.983863
0.114887	-0.156649	0.98095
-0.381736	0.325093	0.865212
-0.301645	0.258187	-0.917796
0.190508	-0.154945	0.96938
0.156927	-0.0832151	0.984098
0.114595	-0.157335	0.980874
-0.378858	0.325835	0.866197
-0.301395	0.260262	-0.917292
0.191563	-0.154982	0.969167
0.156857	-0.0843871	0.984009
0.115667	-0.158633	0.980539
-0.37812	0.32684	0.866141
-0.302905	0.259502	-0.91701
0.190598	-0.155795	0.969227
0.15754	-0.0843752	0.983901
0.116398	-0.157884	0.980573
-0.379429	0.327309	0.865392
-0.302124	0.257364	-0.91787
0.19154	-0.154396	0.969265
0.158183	-0.0825431	0.983954
0.11395	-0.157254	0.980962
-0.381494	0.322991	0.866106
-0.3025	0.258512	-0.917423
0.19147	-0.155552	0.969094
0.157808	-0.0835193	0.983932
0.113568	-0.15746	0.980973
-0.38037	0.323978	0.866231
-0.302258	0.256755	-0.917996
0.19163	-0.154369	0.969251
0.157988	-0.0826319	0.983978
0.113516	-0.157995	0.980893
-0.380992	0.324848	0.865632
-0.303036	0.256315	-0.917862
0.191525	-0.153723	0.969375
0.157929	-0.0837416	0.983893
0.11487	-0.15685	0.980919
-0.380268	0.324169	0.866205
-0.301905	0.256474	-0.918191
0.191737	-0.154139	0.969267
0.157822	-0.0832484	0.983952
0.114046	-0.156449	0.98108
-0.381059	0.324036	0.865907
-0.302333	0.258165	-0.917576
0.192485	-0.152948	0.969307
0.157317	-0.0849008	0.983892
0.113794	-0.158549	0.980772
-0.380859	0.325423	0.865474
-0.302037	0.258645	-0.917538
0.190622	-0.154659	0.969404
0.157106	-0.0838879	0.984012
0.115269	-0.157329	0.980796
-0.37981	0.324749	0.866188
-0.302	0.260605	-0.916996
0.190961	-0.155069	0.969272
0.157837	-0.0825007	0.984013
0.115666	-0.158155	0.980616
-0.377618	0.326012	0.866673
-0.303986	0.258726	-0.916872
0.190793	-0.154155	0.96945
0.157876	-0.0855466	0.983746
0.114556	-0.156859	0.980955
-0.380248	0.324229	0.866191
-0.30344	0.257195	-0.917483
0.19288	-0.152471	0.969304
0.15696	-0.0840444	0.984022
0.11439	-0.158367	0.980732
-0.380288	0.325519	0.865689
-0.304185	0.256525	-0.917424
0.192646	-0.153914	0.969122
0.157958	-0.0824761	0.983995
0.114794	-0.157553	0.980816
-0.380991	0.32441	0.865797
-0.303002	0.255272	-0.918165
0.190996	-0.154363	0.969378
0.157332	-0.0822919	0.984111
0.114703	-0.157184	0.980886
-0.381487	0.324045	0.865715
-0.303522	0.257889	-0.917261
0.191334	-0.154642	0.969266
0.158116	-0.082789	0.983944
0.113568	-0.158063	0.980876
-0.37869	0.32534	0.866457
-0.300393	0.257728	-0.918336
0.191272	-0.153665	0.969434
0.156034	-0.0833668	0.984227
0.114265	-0.158183	0.980776
-0.380043	0.323223	0.866657
-0.299873	0.260309	-0.917778
0.191034	-0.155748	0.969148
0.157115	-0.0835018	0.984044
0.114324	-0.15854	0.980712
-0.378589	0.326282	0.866147
-0.300713	0.258941	-0.91789
0.190766	-0.155657	0.969216
0.157157	-0.083098	0.984071
0.113576	-0.158279	0.98084
-0.378198	0.326937	0.866071
-0.301601	0.259097	-0.917554
0.191953	-0.155145	0.969063
0.15648	-0.0839403	0.984108
0.113482	-0.157867	0.980918
-0.377986	0.32658	0.866298
-0.301626	0.258981	-0.917579
0.191788	-0.154034	0.969274
0.157424	-0.083535	0.983992
0.114156	-0.157092	0.980964
-0.38034	0.322399	0.866833
-0.302547	0.257417	-0.917715
0.191853	-0.15429	0.96922
0.158151	-0.0827853	0.983938
0.115464	-0.158993	0.980505
-0.382435	0.323733	0.865414
-0.301041	0.259218	-0.917704
0.190745	-0.155048	0.969318
0.15714	-0.0841044	0.983989
0.113722	-0.157935	0.980879
-0.379087	0.325028	0.8664
-0.302173	0.260646	-0.916927
0.191831	-0.155869	0.968972
0.156233	-0.0834988	0.984185
0.113329	-0.157865	0.980936
-0.377293	0.327183	0.866373
-0.301479	0.260009	-0.917336
0.191431	-0.153545	0.969422
0.156151	-0.0844132	0.984119
0.113857	-0.15901	0.98069
-0.378939	0.325907	0.866135
-0.301208	0.260895	-0.917174
0.193265	-0.154848	0.96885
0.157036	-0.0850511	0.983924
0.116323	-0.15881	0.980433
-0.380017	0.327206	0.865172
-0.302036	0.25843	-0.917599
0.189927	-0.155389	0.969424
0.156193	-0.0865124	0.983931
0.113718	-0.157569	0.980938
-0.37657	0.328465	0.866202
-0.300967	0.258908	-0.917815
0.190193	-0.156653	0.969168
0.157469	-0.0851186	0.983849
0.115119	-0.158389	0.980643
-0.379524	0.328091	0.865054
-0.300672	0.259928	-0.917624
0.190821	-0.15572	0.969195
0.156473	-0.084796	0.984035
0.11378	-0.159172	0.980672
-0.380741	0.327498	0.864744
-0.300649	0.260161	-0.917565
0.192129	-0.155857	0.968914
0.156875	-0.0821811	0.984193
0.113072	-0.157825	0.980972
-0.379387	0.324898	0.866318
-0.300667	0.25958	-0.917724
0.191466	-0.155536	0.969097
0.157295	-0.0835714	0.984009
0.114065	-0.158244	0.980789
-0.379052	0.324102	0.866763
-0.300829	0.260653	-0.917367
0.19031	-0.156131	0.969229
0.156073	-0.0855647	0.984033
0.114118	-0.158215	0.980788
-0.3801	0.326802	0.865289
-0.30209	0.259618	-0.917246
0.190955	-0.155224	0.969248
0.15651	-0.0835017	0.98414
0.114055	-0.157878	0.98085
-0.379572	0.327829	0.865132
-0.301229	0.259634	-0.917524
0.191635	-0.153301	0.96942
0.157242	-0.0850784	0.983888
0.113951	-0.157656	0.980897
-0.379406	0.325899	0.865934
-0.300796	0.25997	-0.917571
0.191923	-0.156949	0.968779
0.155518	-0.0850223	0.984167
0.113733	-0.158965	0.980711
-0.377689	0.328499	0.865702
-0.300389	0.260843	-0.917457
0.190753	-0.156797	0.969035
0.156223	-0.0849955	0.984058
0.114605	-0.158542	0.980678
-0.377055	0.329322	0.865665
-0.301012	0.260021	-0.917486
0.192813	-0.154706	0.968963
0.157325	-0.0846273	0.983914
0.114147	-0.158591	0.980724
-0.378517	0.326325	0.866162
-0.300527	0.260123	-0.917616
0.192288	-0.15474	0.969062
0.157934	-0.0855972	0.983733
0.113882	-0.159694	0.980576
-0.380241	0.328675	0.864517
-0.302402	0.259412	-0.917201
0.19126	-0.15457	0.969292
0.15719	-0.0833982	0.984041
0.114279	-0.15676	0.981003
-0.378129	0.326372	0.866314
