#----------------------------------------------------------------------------------------------------------------------------------------------------------
# Output file for vampire simulation
#   time       : 2025-01-29 00:32:06     process id : 12222
#   hostname   : GRBE200AHCXJDZ3
#   path       : /home/barad/CrTe_x_vampire/TB2J+Vampire_Bulk/CrTe2/Vampire
#   version    : 7.0.0
#   githash    : e017e798022a7c964d4c6aafc8ff97a7f63fd6bd
#----------------------------------------------------------------------------------------------------------------------------------------------------------
0          	0.000168544	0.000197422	1          	1          	
20         	0.000135389	-4.29148e-06	1          	0.981304   	
40         	-0.00158116	-0.000151266	0.999999   	0.961872   	
60         	0.00101418 	-0.00118702	0.999999   	0.940288   	
80         	-0.000637652	-0.00153021	0.999999   	0.920455   	
100        	-0.00043715	0.000744398	1          	0.897938   	
120        	-0.00163364	0.0004067  	0.999999   	0.872848   	
140        	-0.00024406	-0.00177218	0.999998   	0.847241   	
160        	0.000676423	-0.000762772	0.999999   	0.817688   	
180        	0.0014133  	0.00525515 	0.999985   	0.787413   	
200        	0.00153284 	-0.00222997	0.999996   	0.753689   	
220        	-0.00635304	0.0017417  	0.999978   	0.710177   	
240        	-0.00570733	-0.00550073	0.999969   	0.654636   	
260        	0.00295815 	-0.00558586	0.99998    	0.587004   	
280        	0.00155284 	0.00578082 	0.999982   	0.476392   	
300        	0.023658   	0.0072651  	0.999694   	0.114298   	
320        	-0.186599  	0.175063   	-0.966713  	0.013744   	
340        	0.0122346  	0.713095   	0.700961   	0.00237056 	
360        	0.359313   	0.00315184 	-0.933212  	0.0087898  	
380        	-0.612441  	-0.159337  	-0.774292  	0.00856688 	
400        	0.569965   	-0.431955  	0.698967   	0.00455532 	
