#----------------------------------------------------------------------------------------------------------------------------------------------------------
# Output file for vampire simulation
#   time       : 2025-02-12 00:30:58     process id : 30129
#   hostname   : GRBE200AHCXJDZ3
#   path       : /home/barad/CrTe_x_vampire/TB2J+Vampire_Bulk/CrTe2/Vampire
#   version    : 7.0.0
#   githash    : e017e798022a7c964d4c6aafc8ff97a7f63fd6bd
#----------------------------------------------------------------------------------------------------------------------------------------------------------
0          	0          	0          	1          	1          	
20         	-0.840878  	-0.541189  	-0.00620347	0.975036   	
40         	-0.86013   	-0.509955  	-0.011079  	0.949066   	
60         	-0.741929  	-0.670469  	0.0034352  	0.923086   	
80         	-0.762195  	-0.647325  	-0.00533743	0.888121   	
100        	-0.983392  	-0.180818  	-0.0156267 	0.85716    	
120        	-0.998744  	0.0286796  	-0.0410746 	0.831876   	
140        	-0.940739  	0.339046   	0.00758609 	0.787679   	
160        	-0.881402  	0.471453   	-0.0293524 	0.751896   	
180        	-0.97646   	0.215684   	0.00239729 	0.707685   	
200        	-0.680596  	0.731839   	-0.0346502 	0.652714   	
220        	-0.799644  	0.597186   	-0.0627553 	0.600215   	
240        	-0.86897   	0.494602   	0.0161332  	0.505505   	
260        	0.0747521  	0.994501   	0.0733485  	0.370084   	
280        	-0.679842  	0.483664   	-0.551257  	0.141809   	
300        	-0.0692544 	0.952378   	-0.296953  	0.0990346  	
320        	-0.767418  	0.619826   	-0.163968  	0.0386983  	
340        	0.604714   	0.474716   	0.639504   	0.0250666  	
