#----------------------------------------------------------------------------------------------------------------------------------------------------------
# Output file for vampire simulation
#   time       : 2025-01-29 00:31:04     process id : 12196
#   hostname   : GRBE200AHCXJDZ3
#   path       : /home/barad/CrTe_x_vampire/TB2J+Vampire_Bulk/CrTe2/Vampire
#   version    : 7.0.0
#   githash    : e017e798022a7c964d4c6aafc8ff97a7f63fd6bd
#----------------------------------------------------------------------------------------------------------------------------------------------------------
0          	0.000172184	0.000201537	1          	1          	
20         	0.0020108  	0.000118382	0.999998   	0.980736   	
40         	-4.38729e-05	0.00243227 	0.999997   	0.960411   	
60         	-5.45221e-05	-0.0015373 	0.999999   	0.940114   	
80         	-0.00365891	-0.00323096	0.999988   	0.914656   	
100        	-0.000568527	-0.00557276	0.999984   	0.893643   	
120        	-0.000779583	-0.00116446	0.999999   	0.868153   	
140        	-0.00631872	0.00313702 	0.999975   	0.843038   	
160        	-0.00295927	-0.00262987	0.999992   	0.81376    	
180        	0.0033113  	-0.00234467	0.999992   	0.785737   	
200        	0.00394297 	-0.000649846	0.999992   	0.73565    	
220        	-0.00216255	0.00121856 	0.999997   	0.695925   	
240        	-0.00910956	0.00252311 	0.999955   	0.647448   	
260        	0.0050669  	0.00532313 	0.999973   	0.56478    	
280        	0.0182921  	-0.00220946	0.99983    	0.451307   	
300        	0.0566965  	0.096512   	-0.993716  	0.034408   	
320        	0.508257   	-0.0671806 	-0.858581  	0.0190238  	
340        	-0.178259  	0.0537496  	0.982514   	0.0638582  	
360        	0.985724   	-0.159606  	0.053606   	0.0098474  	
380        	-0.808408  	0.291286   	-0.511496  	0.00840747 	
400        	-0.444759  	-0.400933  	-0.800901  	0.0207656  	
