   Cr5   Cr1   (  0,   0,  -1) -6.6181   ( 0.000,  0.000, -2.998)  2.998 
   Cr1   Cr5   (  0,   0,   0) -6.6201   ( 0.000,  0.000, -2.998)  2.998 
   Cr5   Cr1   (  0,   0,   0) -6.6201   ( 0.000,  0.000,  2.998)  2.998 
   Cr1   Cr5   (  0,   0,   1) -6.6181   ( 0.000,  0.000,  2.998)  2.998 
   Cr5   Cr2   ( -1,  -1,   0)  8.3274   (-3.950,  0.000,  0.000)  3.950 
   Cr4   Cr3   ( -1,   0,   0)  4.5276   (-3.950,  0.000,  0.000)  3.950 
   Cr3   Cr4   (  0,  -1,   0)  4.5256   (-3.950,  0.000,  0.000)  3.950 
   Cr2   Cr5   (  0,   0,   0)  8.3265   (-3.950,  0.000,  0.000)  3.950 
   Cr5   Cr2   (  0,   0,   0)  8.3265   ( 3.950,  0.000,  0.000)  3.950 
   Cr2   Cr5   (  1,   1,   0)  8.3274   ( 3.950,  0.000,  0.000)  3.950 
   Cr4   Cr3   (  0,   1,   0)  4.5256   ( 3.950,  0.000,  0.000)  3.950 
   Cr3   Cr4   (  1,   0,   0)  4.5276   ( 3.950,  0.000,  0.000)  3.950 
   Cr4   Cr2   ( -1,   0,   0)  4.6859   (-1.975,  3.421,  0.000)  3.950 
   Cr5   Cr3   ( -1,   0,   0)  8.4037   (-1.975,  3.421,  0.000)  3.950 
   Cr3   Cr2   (  0,  -1,   0)  4.6815   (-1.975, -3.421,  0.000)  3.950 
   Cr5   Cr4   (  0,  -1,   0)  8.3873   (-1.975, -3.421,  0.000)  3.950 
   Cr2   Cr3   (  0,   0,   0)  4.6752   (-1.975, -3.421,  0.000)  3.950 
   Cr2   Cr4   (  0,   0,   0)  4.6876   (-1.975,  3.421,  0.000)  3.950 
   Cr3   Cr2   (  0,   0,   0)  4.6752   ( 1.975,  3.421,  0.000)  3.950 
   Cr3   Cr5   (  0,   0,   0)  8.4080   (-1.975,  3.421,  0.000)  3.950 
   Cr4   Cr2   (  0,   0,   0)  4.6876   ( 1.975, -3.421,  0.000)  3.950 
   Cr4   Cr5   (  0,   0,   0)  8.3806   (-1.975, -3.421,  0.000)  3.950 
   Cr5   Cr3   (  0,   0,   0)  8.4080   ( 1.975, -3.421,  0.000)  3.950 
   Cr5   Cr4   (  0,   0,   0)  8.3806   ( 1.975,  3.421,  0.000)  3.950 
   Cr2   Cr3   (  0,   1,   0)  4.6815   ( 1.975,  3.421,  0.000)  3.950 
   Cr4   Cr5   (  0,   1,   0)  8.3873   ( 1.975,  3.421,  0.000)  3.950 
   Cr2   Cr4   (  1,   0,   0)  4.6859   ( 1.975, -3.421,  0.000)  3.950 
   Cr3   Cr5   (  1,   0,   0)  8.4037   ( 1.975, -3.421,  0.000)  3.950 
   Cr1   Cr2   ( -1,  -1,   0)  4.5051   (-3.950,  0.000, -2.998)  4.959 
   Cr1   Cr2   ( -1,  -1,   1)  4.4945   (-3.950,  0.000,  2.998)  4.959 
   Cr2   Cr1   (  0,   0,  -1)  4.5099   (-3.950,  0.000, -2.998)  4.959 
   Cr1   Cr2   (  0,   0,   0)  4.4964   ( 3.950,  0.000, -2.998)  4.959 
   Cr2   Cr1   (  0,   0,   0)  4.4964   (-3.950,  0.000,  2.998)  4.959 
   Cr1   Cr2   (  0,   0,   1)  4.5099   ( 3.950,  0.000,  2.998)  4.959 
   Cr2   Cr1   (  1,   1,  -1)  4.4945   ( 3.950,  0.000, -2.998)  4.959 
   Cr2   Cr1   (  1,   1,   0)  4.5051   ( 3.950,  0.000,  2.998)  4.959 
   Cr1   Cr3   ( -1,   0,   0)  4.5692   (-1.975,  3.421, -2.998)  4.959 
   Cr1   Cr3   ( -1,   0,   1)  4.5506   (-1.975,  3.421,  2.998)  4.959 
   Cr1   Cr4   (  0,  -1,   0)  4.5360   (-1.975, -3.421, -2.998)  4.959 
   Cr1   Cr4   (  0,  -1,   1)  4.5629   (-1.975, -3.421,  2.998)  4.959 
   Cr3   Cr1   (  0,   0,  -1)  4.5719   (-1.975,  3.421, -2.998)  4.959 
   Cr4   Cr1   (  0,   0,  -1)  4.5445   (-1.975, -3.421, -2.998)  4.959 
   Cr1   Cr3   (  0,   0,   0)  4.5436   ( 1.975, -3.421, -2.998)  4.959 
   Cr1   Cr4   (  0,   0,   0)  4.5637   ( 1.975,  3.421, -2.998)  4.959 
   Cr3   Cr1   (  0,   0,   0)  4.5436   (-1.975,  3.421,  2.998)  4.959 
   Cr4   Cr1   (  0,   0,   0)  4.5637   (-1.975, -3.421,  2.998)  4.959 
   Cr1   Cr3   (  0,   0,   1)  4.5719   ( 1.975, -3.421,  2.998)  4.959 
   Cr1   Cr4   (  0,   0,   1)  4.5445   ( 1.975,  3.421,  2.998)  4.959 
   Cr4   Cr1   (  0,   1,  -1)  4.5629   ( 1.975,  3.421, -2.998)  4.959 
   Cr4   Cr1   (  0,   1,   0)  4.5360   ( 1.975,  3.421,  2.998)  4.959 
   Cr3   Cr1   (  1,   0,  -1)  4.5506   ( 1.975, -3.421, -2.998)  4.959 
   Cr3   Cr1   (  1,   0,   0)  4.5692   ( 1.975, -3.421,  2.998)  4.959 
   Cr1   Cr1   (  0,   0,   1)  2.6958   ( 0.000,  0.000,  5.996)  5.996 
   Cr1   Cr1   (  0,   0,  -1)  2.6958   ( 0.000,  0.000, -5.996)  5.996 
   Cr2   Cr2   (  0,   0,  -1)  0.6540   ( 0.000,  0.000, -5.996)  5.996 
   Cr3   Cr3   (  0,   0,  -1)  0.6104   ( 0.000,  0.000, -5.996)  5.996 
   Cr4   Cr4   (  0,   0,  -1)  0.6060   ( 0.000,  0.000, -5.996)  5.996 
   Cr5   Cr5   (  0,   0,  -1)  1.9330   ( 0.000,  0.000, -5.996)  5.996 
   Cr2   Cr2   (  0,   0,   1)  0.6540   ( 0.000,  0.000,  5.996)  5.996 
   Cr3   Cr3   (  0,   0,   1)  0.6104   ( 0.000,  0.000,  5.996)  5.996 
   Cr4   Cr4   (  0,   0,   1)  0.6060   ( 0.000,  0.000,  5.996)  5.996 
   Cr5   Cr5   (  0,   0,   1)  1.9330   ( 0.000,  0.000,  5.996)  5.996 
   Cr3   Cr2   ( -1,  -1,   0)  0.5033   (-5.925,  3.421,  0.000)  6.842 
   Cr4   Cr2   ( -1,  -1,   0)  0.5047   (-5.925, -3.421,  0.000)  6.842 
   Cr5   Cr3   ( -1,  -1,   0)  0.6791   (-5.925, -3.421,  0.000)  6.842 
   Cr5   Cr4   ( -1,  -1,   0)  0.6736   (-5.925,  3.421,  0.000)  6.842 
   Cr2   Cr3   ( -1,   0,   0)  0.5108   (-5.925,  3.421,  0.000)  6.842 
   Cr4   Cr5   ( -1,   0,   0)  0.6762   (-5.925,  3.421,  0.000)  6.842 
   Cr2   Cr4   (  0,  -1,   0)  0.5008   (-5.925, -3.421,  0.000)  6.842 
   Cr3   Cr5   (  0,  -1,   0)  0.6831   (-5.925, -3.421,  0.000)  6.842 
   Cr4   Cr2   (  0,   1,   0)  0.5008   ( 5.925,  3.421,  0.000)  6.842 
   Cr5   Cr3   (  0,   1,   0)  0.6831   ( 5.925,  3.421,  0.000)  6.842 
   Cr3   Cr2   (  1,   0,   0)  0.5108   ( 5.925, -3.421,  0.000)  6.842 
   Cr5   Cr4   (  1,   0,   0)  0.6762   ( 5.925, -3.421,  0.000)  6.842 
   Cr3   Cr5   (  1,   1,   0)  0.6791   ( 5.925,  3.421,  0.000)  6.842 
   Cr4   Cr5   (  1,   1,   0)  0.6736   ( 5.925, -3.421,  0.000)  6.842 
   Cr2   Cr3   (  1,   1,   0)  0.5033   ( 5.925, -3.421,  0.000)  6.842 
   Cr2   Cr4   (  1,   1,   0)  0.5047   ( 5.925,  3.421,  0.000)  6.842 
   Cr3   Cr4   (  1,  -1,   0)  0.5034   ( 0.000, -6.842,  0.000)  6.842 
   Cr4   Cr3   ( -1,   1,   0)  0.5034   ( 0.000,  6.842,  0.000)  6.842 
   Cr5   Cr2   ( -1,   0,   0)  0.6759   ( 0.000,  6.842,  0.000)  6.842 
   Cr5   Cr2   (  0,  -1,   0)  0.6788   ( 0.000, -6.842,  0.000)  6.842 
   Cr3   Cr4   (  0,   0,   0)  0.5058   ( 0.000,  6.842,  0.000)  6.842 
   Cr4   Cr3   (  0,   0,   0)  0.5058   ( 0.000, -6.842,  0.000)  6.842 
   Cr2   Cr5   (  0,   1,   0)  0.6788   ( 0.000,  6.842,  0.000)  6.842 
   Cr2   Cr5   (  1,   0,   0)  0.6759   ( 0.000, -6.842,  0.000)  6.842 
   Cr5   Cr2   ( -1,  -1,  -1) -0.2808   (-3.950,  0.000, -5.996)  7.180 
   Cr5   Cr2   ( -1,  -1,   1) -0.2984   (-3.950,  0.000,  5.996)  7.180 
   Cr4   Cr3   ( -1,   0,  -1)  0.2494   (-3.950,  0.000, -5.996)  7.180 
   Cr4   Cr3   ( -1,   0,   1)  0.2363   (-3.950,  0.000,  5.996)  7.180 
   Cr3   Cr4   (  0,  -1,  -1)  0.2440   (-3.950,  0.000, -5.996)  7.180 
   Cr3   Cr4   (  0,  -1,   1)  0.2405   (-3.950,  0.000,  5.996)  7.180 
   Cr2   Cr5   (  0,   0,  -1) -0.2862   (-3.950,  0.000, -5.996)  7.180 
   Cr5   Cr2   (  0,   0,  -1) -0.2903   ( 3.950,  0.000, -5.996)  7.180 
   Cr2   Cr5   (  0,   0,   1) -0.2903   (-3.950,  0.000,  5.996)  7.180 
   Cr5   Cr2   (  0,   0,   1) -0.2862   ( 3.950,  0.000,  5.996)  7.180 
   Cr4   Cr3   (  0,   1,  -1)  0.2405   ( 3.950,  0.000, -5.996)  7.180 
   Cr4   Cr3   (  0,   1,   1)  0.2440   ( 3.950,  0.000,  5.996)  7.180 
   Cr3   Cr4   (  1,   0,  -1)  0.2363   ( 3.950,  0.000, -5.996)  7.180 
   Cr3   Cr4   (  1,   0,   1)  0.2494   ( 3.950,  0.000,  5.996)  7.180 
   Cr2   Cr5   (  1,   1,  -1) -0.2984   ( 3.950,  0.000, -5.996)  7.180 
   Cr2   Cr5   (  1,   1,   1) -0.2808   ( 3.950,  0.000,  5.996)  7.180 
   Cr4   Cr2   ( -1,   0,  -1)  0.2221   (-1.975,  3.421, -5.996)  7.180 
   Cr5   Cr3   ( -1,   0,  -1) -0.3124   (-1.975,  3.421, -5.996)  7.180 
   Cr4   Cr2   ( -1,   0,   1)  0.2096   (-1.975,  3.421,  5.996)  7.180 
   Cr5   Cr3   ( -1,   0,   1) -0.2973   (-1.975,  3.421,  5.996)  7.180 
   Cr3   Cr2   (  0,  -1,  -1)  0.2062   (-1.975, -3.421, -5.996)  7.180 
   Cr5   Cr4   (  0,  -1,  -1) -0.3041   (-1.975, -3.421, -5.996)  7.180 
   Cr3   Cr2   (  0,  -1,   1)  0.2143   (-1.975, -3.421,  5.996)  7.180 
   Cr5   Cr4   (  0,  -1,   1) -0.3250   (-1.975, -3.421,  5.996)  7.180 
   Cr2   Cr3   (  0,   0,  -1)  0.2157   (-1.975, -3.421, -5.996)  7.180 
   Cr2   Cr4   (  0,   0,  -1)  0.2116   (-1.975,  3.421, -5.996)  7.180 
   Cr3   Cr2   (  0,   0,  -1)  0.2157   ( 1.975,  3.421, -5.996)  7.180 
   Cr3   Cr5   (  0,   0,  -1) -0.3101   (-1.975,  3.421, -5.996)  7.180 
   Cr4   Cr2   (  0,   0,  -1)  0.1991   ( 1.975, -3.421, -5.996)  7.180 
   Cr4   Cr5   (  0,   0,  -1) -0.3096   (-1.975, -3.421, -5.996)  7.180 
   Cr5   Cr3   (  0,   0,  -1) -0.3016   ( 1.975, -3.421, -5.996)  7.180 
   Cr5   Cr4   (  0,   0,  -1) -0.3204   ( 1.975,  3.421, -5.996)  7.180 
   Cr2   Cr3   (  0,   0,   1)  0.2157   (-1.975, -3.421,  5.996)  7.180 
   Cr2   Cr4   (  0,   0,   1)  0.1991   (-1.975,  3.421,  5.996)  7.180 
   Cr3   Cr2   (  0,   0,   1)  0.2157   ( 1.975,  3.421,  5.996)  7.180 
   Cr3   Cr5   (  0,   0,   1) -0.3016   (-1.975,  3.421,  5.996)  7.180 
   Cr4   Cr2   (  0,   0,   1)  0.2116   ( 1.975, -3.421,  5.996)  7.180 
   Cr4   Cr5   (  0,   0,   1) -0.3204   (-1.975, -3.421,  5.996)  7.180 
   Cr5   Cr3   (  0,   0,   1) -0.3101   ( 1.975, -3.421,  5.996)  7.180 
   Cr5   Cr4   (  0,   0,   1) -0.3096   ( 1.975,  3.421,  5.996)  7.180 
   Cr2   Cr3   (  0,   1,  -1)  0.2143   ( 1.975,  3.421, -5.996)  7.180 
   Cr4   Cr5   (  0,   1,  -1) -0.3250   ( 1.975,  3.421, -5.996)  7.180 
   Cr2   Cr3   (  0,   1,   1)  0.2062   ( 1.975,  3.421,  5.996)  7.180 
   Cr4   Cr5   (  0,   1,   1) -0.3041   ( 1.975,  3.421,  5.996)  7.180 
   Cr2   Cr4   (  1,   0,  -1)  0.2096   ( 1.975, -3.421, -5.996)  7.180 
   Cr3   Cr5   (  1,   0,  -1) -0.2973   ( 1.975, -3.421, -5.996)  7.180 
   Cr2   Cr4   (  1,   0,   1)  0.2221   ( 1.975, -3.421,  5.996)  7.180 
   Cr3   Cr5   (  1,   0,   1) -0.3124   ( 1.975, -3.421,  5.996)  7.180 
   Cr1   Cr3   ( -1,  -1,   0)  0.1852   (-5.925, -3.421, -2.998)  7.470 
   Cr1   Cr4   ( -1,  -1,   0)  1.1636   (-5.925,  3.421, -2.998)  7.470 
   Cr1   Cr3   ( -1,  -1,   1)  1.1586   (-5.925, -3.421,  2.998)  7.470 
   Cr1   Cr4   ( -1,  -1,   1)  0.1884   (-5.925,  3.421,  2.998)  7.470 
   Cr4   Cr1   ( -1,   0,  -1)  1.1625   (-5.925,  3.421, -2.998)  7.470 
   Cr4   Cr1   ( -1,   0,   0)  0.1764   (-5.925,  3.421,  2.998)  7.470 
   Cr3   Cr1   (  0,  -1,  -1)  0.2028   (-5.925, -3.421, -2.998)  7.470 
   Cr3   Cr1   (  0,  -1,   0)  1.1740   (-5.925, -3.421,  2.998)  7.470 
   Cr1   Cr3   (  0,   1,   0)  1.1740   ( 5.925,  3.421, -2.998)  7.470 
   Cr1   Cr3   (  0,   1,   1)  0.2028   ( 5.925,  3.421,  2.998)  7.470 
   Cr1   Cr4   (  1,   0,   0)  0.1764   ( 5.925, -3.421, -2.998)  7.470 
   Cr1   Cr4   (  1,   0,   1)  1.1625   ( 5.925, -3.421,  2.998)  7.470 
   Cr3   Cr1   (  1,   1,  -1)  1.1586   ( 5.925,  3.421, -2.998)  7.470 
   Cr4   Cr1   (  1,   1,  -1)  0.1884   ( 5.925, -3.421, -2.998)  7.470 
   Cr3   Cr1   (  1,   1,   0)  0.1852   ( 5.925,  3.421,  2.998)  7.470 
   Cr4   Cr1   (  1,   1,   0)  1.1636   ( 5.925, -3.421,  2.998)  7.470 
   Cr1   Cr2   ( -1,   0,   0)  0.1431   ( 0.000,  6.842, -2.998)  7.470 
   Cr1   Cr2   ( -1,   0,   1)  1.1667   ( 0.000,  6.842,  2.998)  7.470 
   Cr1   Cr2   (  0,  -1,   0)  1.1713   ( 0.000, -6.842, -2.998)  7.470 
   Cr1   Cr2   (  0,  -1,   1)  0.1582   ( 0.000, -6.842,  2.998)  7.470 
   Cr2   Cr1   (  0,   1,  -1)  0.1582   ( 0.000,  6.842, -2.998)  7.470 
   Cr2   Cr1   (  0,   1,   0)  1.1713   ( 0.000,  6.842,  2.998)  7.470 
   Cr2   Cr1   (  1,   0,  -1)  1.1667   ( 0.000, -6.842, -2.998)  7.470 
   Cr2   Cr1   (  1,   0,   0)  0.1431   ( 0.000, -6.842,  2.998)  7.470 
   Cr1   Cr1   ( -1,  -1,   0)  1.2574   (-7.900,  0.000,  0.000)  7.900 
   Cr2   Cr2   ( -1,  -1,   0) -0.1616   (-7.900,  0.000,  0.000)  7.900 
   Cr3   Cr3   ( -1,  -1,   0) -0.3231   (-7.900,  0.000,  0.000)  7.900 
   Cr4   Cr4   ( -1,  -1,   0) -0.3274   (-7.900,  0.000,  0.000)  7.900 
   Cr5   Cr5   ( -1,  -1,   0) -0.5692   (-7.900,  0.000,  0.000)  7.900 
   Cr1   Cr1   (  1,   1,   0)  1.2574   ( 7.900,  0.000,  0.000)  7.900 
   Cr5   Cr5   (  1,   1,   0) -0.5692   ( 7.900,  0.000,  0.000)  7.900 
   Cr2   Cr2   (  1,   1,   0) -0.1616   ( 7.900,  0.000,  0.000)  7.900 
   Cr3   Cr3   (  1,   1,   0) -0.3231   ( 7.900,  0.000,  0.000)  7.900 
   Cr4   Cr4   (  1,   1,   0) -0.3274   ( 7.900,  0.000,  0.000)  7.900 
   Cr4   Cr4   ( -1,   0,   0) -0.3097   (-3.950,  6.842,  0.000)  7.900 
   Cr3   Cr3   (  0,  -1,   0) -0.3044   (-3.950, -6.842,  0.000)  7.900 
   Cr4   Cr4   (  0,   1,   0) -0.1497   ( 3.950,  6.842,  0.000)  7.900 
   Cr3   Cr3   (  1,   0,   0) -0.1546   ( 3.950, -6.842,  0.000)  7.900 
   Cr1   Cr1   ( -1,   0,   0)  1.3443   (-3.950,  6.842,  0.000)  7.900 
   Cr2   Cr2   ( -1,   0,   0) -0.3039   (-3.950,  6.842,  0.000)  7.900 
   Cr3   Cr3   ( -1,   0,   0) -0.1546   (-3.950,  6.842,  0.000)  7.900 
   Cr5   Cr5   ( -1,   0,   0) -0.5703   (-3.950,  6.842,  0.000)  7.900 
   Cr1   Cr1   (  0,  -1,   0)  1.3382   (-3.950, -6.842,  0.000)  7.900 
   Cr2   Cr2   (  0,  -1,   0) -0.2956   (-3.950, -6.842,  0.000)  7.900 
   Cr4   Cr4   (  0,  -1,   0) -0.1497   (-3.950, -6.842,  0.000)  7.900 
   Cr5   Cr5   (  0,  -1,   0) -0.5667   (-3.950, -6.842,  0.000)  7.900 
   Cr1   Cr1   (  0,   1,   0)  1.3382   ( 3.950,  6.842,  0.000)  7.900 
   Cr2   Cr2   (  0,   1,   0) -0.2956   ( 3.950,  6.842,  0.000)  7.900 
   Cr3   Cr3   (  0,   1,   0) -0.3044   ( 3.950,  6.842,  0.000)  7.900 
   Cr5   Cr5   (  0,   1,   0) -0.5667   ( 3.950,  6.842,  0.000)  7.900 
   Cr1   Cr1   (  1,   0,   0)  1.3443   ( 3.950, -6.842,  0.000)  7.900 
   Cr2   Cr2   (  1,   0,   0) -0.3039   ( 3.950, -6.842,  0.000)  7.900 
   Cr4   Cr4   (  1,   0,   0) -0.3097   ( 3.950, -6.842,  0.000)  7.900 
   Cr5   Cr5   (  1,   0,   0) -0.5703   ( 3.950, -6.842,  0.000)  7.900 
   Cr5   Cr1   ( -1,  -1,  -1)  0.1225   (-7.900,  0.000, -2.998)  8.450 
   Cr1   Cr5   ( -1,  -1,   0)  0.1276   (-7.900,  0.000, -2.998)  8.450 
   Cr5   Cr1   ( -1,  -1,   0)  0.1343   (-7.900,  0.000,  2.998)  8.450 
   Cr1   Cr5   ( -1,  -1,   1)  0.1176   (-7.900,  0.000,  2.998)  8.450 
   Cr5   Cr1   (  1,   1,  -1)  0.1176   ( 7.900,  0.000, -2.998)  8.450 
   Cr1   Cr5   (  1,   1,   0)  0.1343   ( 7.900,  0.000, -2.998)  8.450 
   Cr5   Cr1   (  1,   1,   0)  0.1276   ( 7.900,  0.000,  2.998)  8.450 
   Cr1   Cr5   (  1,   1,   1)  0.1225   ( 7.900,  0.000,  2.998)  8.450 
   Cr5   Cr1   ( -1,   0,  -1)  0.1107   (-3.950,  6.842, -2.998)  8.450 
   Cr1   Cr5   ( -1,   0,   0)  0.1100   (-3.950,  6.842, -2.998)  8.450 
   Cr5   Cr1   ( -1,   0,   0)  0.1014   (-3.950,  6.842,  2.998)  8.450 
   Cr1   Cr5   ( -1,   0,   1)  0.1054   (-3.950,  6.842,  2.998)  8.450 
   Cr5   Cr1   (  0,  -1,  -1)  0.1122   (-3.950, -6.842, -2.998)  8.450 
   Cr1   Cr5   (  0,  -1,   0)  0.1099   (-3.950, -6.842, -2.998)  8.450 
   Cr5   Cr1   (  0,  -1,   0)  0.1015   (-3.950, -6.842,  2.998)  8.450 
   Cr1   Cr5   (  0,  -1,   1)  0.1074   (-3.950, -6.842,  2.998)  8.450 
   Cr5   Cr1   (  0,   1,  -1)  0.1074   ( 3.950,  6.842, -2.998)  8.450 
   Cr1   Cr5   (  0,   1,   0)  0.1015   ( 3.950,  6.842, -2.998)  8.450 
   Cr5   Cr1   (  0,   1,   0)  0.1099   ( 3.950,  6.842,  2.998)  8.450 
   Cr1   Cr5   (  0,   1,   1)  0.1122   ( 3.950,  6.842,  2.998)  8.450 
   Cr5   Cr1   (  1,   0,  -1)  0.1054   ( 3.950, -6.842, -2.998)  8.450 
   Cr1   Cr5   (  1,   0,   0)  0.1014   ( 3.950, -6.842, -2.998)  8.450 
   Cr5   Cr1   (  1,   0,   0)  0.1100   ( 3.950, -6.842,  2.998)  8.450 
   Cr1   Cr5   (  1,   0,   1)  0.1107   ( 3.950, -6.842,  2.998)  8.450 
   Cr1   Cr5   (  0,   0,  -1)  0.0825   ( 0.000,  0.000, -8.994)  8.994 
   Cr5   Cr1   (  0,   0,   1)  0.0825   ( 0.000,  0.000,  8.994)  8.994 
   Cr1   Cr5   (  0,   0,   2)  0.0882   ( 0.000,  0.000,  8.994)  8.994 
   Cr5   Cr1   (  0,   0,  -2)  0.0882   ( 0.000,  0.000, -8.994)  8.994 
   Cr3   Cr2   ( -1,  -1,  -1) -0.0102   (-5.925,  3.421, -5.996)  9.097 
   Cr4   Cr2   ( -1,  -1,  -1) -2.0735   (-5.925, -3.421, -5.996)  9.097 
   Cr5   Cr3   ( -1,  -1,  -1) -2.4150   (-5.925, -3.421, -5.996)  9.097 
   Cr5   Cr4   ( -1,  -1,  -1)  0.0153   (-5.925,  3.421, -5.996)  9.097 
   Cr3   Cr2   ( -1,  -1,   1) -2.0673   (-5.925,  3.421,  5.996)  9.097 
   Cr4   Cr2   ( -1,  -1,   1) -0.0221   (-5.925, -3.421,  5.996)  9.097 
   Cr5   Cr3   ( -1,  -1,   1)  0.0104   (-5.925, -3.421,  5.996)  9.097 
   Cr5   Cr4   ( -1,  -1,   1) -2.4190   (-5.925,  3.421,  5.996)  9.097 
   Cr2   Cr3   ( -1,   0,  -1) -0.0169   (-5.925,  3.421, -5.996)  9.097 
   Cr4   Cr5   ( -1,   0,  -1)  0.0193   (-5.925,  3.421, -5.996)  9.097 
   Cr2   Cr3   ( -1,   0,   1) -2.0766   (-5.925,  3.421,  5.996)  9.097 
   Cr4   Cr5   ( -1,   0,   1) -2.4262   (-5.925,  3.421,  5.996)  9.097 
   Cr2   Cr4   (  0,  -1,  -1) -2.0646   (-5.925, -3.421, -5.996)  9.097 
   Cr3   Cr5   (  0,  -1,  -1) -2.4036   (-5.925, -3.421, -5.996)  9.097 
   Cr2   Cr4   (  0,  -1,   1) -0.0186   (-5.925, -3.421,  5.996)  9.097 
   Cr3   Cr5   (  0,  -1,   1)  0.0119   (-5.925, -3.421,  5.996)  9.097 
   Cr4   Cr2   (  0,   1,  -1) -0.0186   ( 5.925,  3.421, -5.996)  9.097 
   Cr5   Cr3   (  0,   1,  -1)  0.0119   ( 5.925,  3.421, -5.996)  9.097 
   Cr4   Cr2   (  0,   1,   1) -2.0646   ( 5.925,  3.421,  5.996)  9.097 
   Cr5   Cr3   (  0,   1,   1) -2.4036   ( 5.925,  3.421,  5.996)  9.097 
   Cr3   Cr2   (  1,   0,  -1) -2.0766   ( 5.925, -3.421, -5.996)  9.097 
   Cr5   Cr4   (  1,   0,  -1) -2.4262   ( 5.925, -3.421, -5.996)  9.097 
   Cr3   Cr2   (  1,   0,   1) -0.0169   ( 5.925, -3.421,  5.996)  9.097 
   Cr5   Cr4   (  1,   0,   1)  0.0193   ( 5.925, -3.421,  5.996)  9.097 
   Cr3   Cr5   (  1,   1,  -1)  0.0104   ( 5.925,  3.421, -5.996)  9.097 
   Cr4   Cr5   (  1,   1,  -1) -2.4190   ( 5.925, -3.421, -5.996)  9.097 
   Cr3   Cr5   (  1,   1,   1) -2.4150   ( 5.925,  3.421,  5.996)  9.097 
   Cr4   Cr5   (  1,   1,   1)  0.0153   ( 5.925, -3.421,  5.996)  9.097 
   Cr2   Cr3   (  1,   1,  -1) -2.0673   ( 5.925, -3.421, -5.996)  9.097 
   Cr2   Cr4   (  1,   1,  -1) -0.0221   ( 5.925,  3.421, -5.996)  9.097 
   Cr2   Cr3   (  1,   1,   1) -0.0102   ( 5.925, -3.421,  5.996)  9.097 
   Cr2   Cr4   (  1,   1,   1) -2.0735   ( 5.925,  3.421,  5.996)  9.097 
   Cr5   Cr2   ( -1,   0,  -1) -2.3440   ( 0.000,  6.842, -5.996)  9.097 
   Cr5   Cr2   ( -1,   0,   1) -0.0184   ( 0.000,  6.842,  5.996)  9.097 
   Cr5   Cr2   (  0,  -1,  -1) -0.0231   ( 0.000, -6.842, -5.996)  9.097 
   Cr5   Cr2   (  0,  -1,   1) -2.3319   ( 0.000, -6.842,  5.996)  9.097 
   Cr3   Cr4   (  0,   0,  -1) -1.9787   ( 0.000,  6.842, -5.996)  9.097 
   Cr4   Cr3   (  0,   0,  -1) -0.0336   ( 0.000, -6.842, -5.996)  9.097 
   Cr3   Cr4   (  0,   0,   1) -0.0336   ( 0.000,  6.842,  5.996)  9.097 
   Cr4   Cr3   (  0,   0,   1) -1.9787   ( 0.000, -6.842,  5.996)  9.097 
   Cr2   Cr5   (  0,   1,  -1) -2.3319   ( 0.000,  6.842, -5.996)  9.097 
   Cr2   Cr5   (  0,   1,   1) -0.0231   ( 0.000,  6.842,  5.996)  9.097 
   Cr2   Cr5   (  1,   0,  -1) -0.0184   ( 0.000, -6.842, -5.996)  9.097 
   Cr2   Cr5   (  1,   0,   1) -2.3440   ( 0.000, -6.842,  5.996)  9.097 
   Cr3   Cr4   (  1,  -1,  -1) -0.0331   ( 0.000, -6.842, -5.996)  9.097 
   Cr3   Cr4   (  1,  -1,   1) -1.9766   ( 0.000, -6.842,  5.996)  9.097 
   Cr4   Cr3   ( -1,   1,  -1) -1.9766   ( 0.000,  6.842, -5.996)  9.097 
   Cr4   Cr3   ( -1,   1,   1) -0.0331   ( 0.000,  6.842,  5.996)  9.097 
   Cr1   Cr2   ( -1,  -1,  -1) -0.1646   (-3.950,  0.000, -8.994)  9.823 
   Cr1   Cr2   (  0,   0,  -1) -0.1827   ( 3.950,  0.000, -8.994)  9.823 
   Cr2   Cr1   (  0,   0,   1) -0.1827   (-3.950,  0.000,  8.994)  9.823 
   Cr2   Cr1   (  1,   1,   1) -0.1646   ( 3.950,  0.000,  8.994)  9.823 
   Cr1   Cr2   ( -1,  -1,   2) -0.1842   (-3.950,  0.000,  8.994)  9.823 
   Cr1   Cr2   (  0,   0,   2) -0.1756   ( 3.950,  0.000,  8.994)  9.823 
   Cr2   Cr1   (  0,   0,  -2) -0.1756   (-3.950,  0.000, -8.994)  9.823 
   Cr2   Cr1   (  1,   1,  -2) -0.1842   ( 3.950,  0.000, -8.994)  9.823 
   Cr1   Cr3   ( -1,   0,  -1) -0.0957   (-1.975,  3.421, -8.994)  9.823 
   Cr1   Cr4   (  0,  -1,  -1) -0.1095   (-1.975, -3.421, -8.994)  9.823 
   Cr1   Cr3   (  0,   0,  -1) -0.1029   ( 1.975, -3.421, -8.994)  9.823 
   Cr1   Cr4   (  0,   0,  -1) -0.1066   ( 1.975,  3.421, -8.994)  9.823 
   Cr3   Cr1   (  0,   0,   1) -0.1029   (-1.975,  3.421,  8.994)  9.823 
   Cr4   Cr1   (  0,   0,   1) -0.1066   (-1.975, -3.421,  8.994)  9.823 
   Cr4   Cr1   (  0,   1,   1) -0.1095   ( 1.975,  3.421,  8.994)  9.823 
   Cr3   Cr1   (  1,   0,   1) -0.0957   ( 1.975, -3.421,  8.994)  9.823 
   Cr1   Cr3   (  0,   0,   2) -0.0975   ( 1.975, -3.421,  8.994)  9.823 
   Cr1   Cr4   (  0,   0,   2) -0.1146   ( 1.975,  3.421,  8.994)  9.823 
   Cr1   Cr3   ( -1,   0,   2) -0.1104   (-1.975,  3.421,  8.994)  9.823 
   Cr1   Cr4   (  0,  -1,   2) -0.1102   (-1.975, -3.421,  8.994)  9.823 
   Cr3   Cr1   (  0,   0,  -2) -0.0975   (-1.975,  3.421, -8.994)  9.823 
   Cr4   Cr1   (  0,   0,  -2) -0.1146   (-1.975, -3.421, -8.994)  9.823 
   Cr3   Cr1   (  1,   0,  -2) -0.1104   ( 1.975, -3.421, -8.994)  9.823 
   Cr4   Cr1   (  0,   1,  -2) -0.1102   ( 1.975,  3.421, -8.994)  9.823 
   Cr1   Cr1   ( -1,  -1,  -1)  0.2691   (-7.900,  0.000, -5.996)  9.918 
   Cr2   Cr2   ( -1,  -1,  -1)  0.0896   (-7.900,  0.000, -5.996)  9.918 
   Cr3   Cr3   ( -1,  -1,  -1) -0.0977   (-7.900,  0.000, -5.996)  9.918 
   Cr4   Cr4   ( -1,  -1,  -1) -0.1480   (-7.900,  0.000, -5.996)  9.918 
   Cr5   Cr5   ( -1,  -1,  -1) -0.2335   (-7.900,  0.000, -5.996)  9.918 
   Cr1   Cr1   ( -1,  -1,   1)  0.2335   (-7.900,  0.000,  5.996)  9.918 
   Cr2   Cr2   ( -1,  -1,   1)  0.0942   (-7.900,  0.000,  5.996)  9.918 
   Cr3   Cr3   ( -1,  -1,   1) -0.1403   (-7.900,  0.000,  5.996)  9.918 
   Cr4   Cr4   ( -1,  -1,   1) -0.1092   (-7.900,  0.000,  5.996)  9.918 
   Cr5   Cr5   ( -1,  -1,   1) -0.2339   (-7.900,  0.000,  5.996)  9.918 
   Cr1   Cr1   (  1,   1,  -1)  0.2335   ( 7.900,  0.000, -5.996)  9.918 
   Cr2   Cr2   (  1,   1,  -1)  0.0942   ( 7.900,  0.000, -5.996)  9.918 
   Cr3   Cr3   (  1,   1,  -1) -0.1403   ( 7.900,  0.000, -5.996)  9.918 
   Cr4   Cr4   (  1,   1,  -1) -0.1092   ( 7.900,  0.000, -5.996)  9.918 
   Cr5   Cr5   (  1,   1,  -1) -0.2339   ( 7.900,  0.000, -5.996)  9.918 
   Cr1   Cr1   (  1,   1,   1)  0.2691   ( 7.900,  0.000,  5.996)  9.918 
   Cr2   Cr2   (  1,   1,   1)  0.0896   ( 7.900,  0.000,  5.996)  9.918 
   Cr3   Cr3   (  1,   1,   1) -0.0977   ( 7.900,  0.000,  5.996)  9.918 
   Cr4   Cr4   (  1,   1,   1) -0.1480   ( 7.900,  0.000,  5.996)  9.918 
   Cr5   Cr5   (  1,   1,   1) -0.2335   ( 7.900,  0.000,  5.996)  9.918 
   Cr4   Cr4   ( -1,   0,  -1) -0.1323   (-3.950,  6.842, -5.996)  9.918 
   Cr1   Cr1   ( -1,   0,   1)  0.2286   (-3.950,  6.842,  5.996)  9.918 
   Cr4   Cr4   ( -1,   0,   1) -0.1049   (-3.950,  6.842,  5.996)  9.918 
   Cr3   Cr3   (  0,  -1,  -1) -0.0952   (-3.950, -6.842, -5.996)  9.918 
   Cr1   Cr1   (  0,  -1,   1)  0.2667   (-3.950, -6.842,  5.996)  9.918 
   Cr3   Cr3   (  0,  -1,   1) -0.1239   (-3.950, -6.842,  5.996)  9.918 
   Cr4   Cr4   (  0,   1,  -1)  0.1181   ( 3.950,  6.842, -5.996)  9.918 
   Cr1   Cr1   (  0,   1,   1)  0.2270   ( 3.950,  6.842,  5.996)  9.918 
   Cr4   Cr4   (  0,   1,   1)  0.1122   ( 3.950,  6.842,  5.996)  9.918 
   Cr3   Cr3   (  1,   0,  -1)  0.1189   ( 3.950, -6.842, -5.996)  9.918 
   Cr1   Cr1   (  1,   0,   1)  0.2676   ( 3.950, -6.842,  5.996)  9.918 
   Cr3   Cr3   (  1,   0,   1)  0.1223   ( 3.950, -6.842,  5.996)  9.918 
   Cr1   Cr1   ( -1,   0,  -1)  0.2676   (-3.950,  6.842, -5.996)  9.918 
   Cr2   Cr2   ( -1,   0,  -1) -0.0907   (-3.950,  6.842, -5.996)  9.918 
   Cr3   Cr3   ( -1,   0,  -1)  0.1223   (-3.950,  6.842, -5.996)  9.918 
   Cr5   Cr5   ( -1,   0,  -1) -0.2125   (-3.950,  6.842, -5.996)  9.918 
   Cr2   Cr2   ( -1,   0,   1) -0.1417   (-3.950,  6.842,  5.996)  9.918 
   Cr3   Cr3   ( -1,   0,   1)  0.1189   (-3.950,  6.842,  5.996)  9.918 
   Cr5   Cr5   ( -1,   0,   1) -0.2238   (-3.950,  6.842,  5.996)  9.918 
   Cr1   Cr1   (  0,  -1,  -1)  0.2270   (-3.950, -6.842, -5.996)  9.918 
   Cr2   Cr2   (  0,  -1,  -1) -0.1390   (-3.950, -6.842, -5.996)  9.918 
   Cr4   Cr4   (  0,  -1,  -1)  0.1122   (-3.950, -6.842, -5.996)  9.918 
   Cr5   Cr5   (  0,  -1,  -1) -0.2247   (-3.950, -6.842, -5.996)  9.918 
   Cr2   Cr2   (  0,  -1,   1) -0.0794   (-3.950, -6.842,  5.996)  9.918 
   Cr4   Cr4   (  0,  -1,   1)  0.1181   (-3.950, -6.842,  5.996)  9.918 
   Cr5   Cr5   (  0,  -1,   1) -0.2150   (-3.950, -6.842,  5.996)  9.918 
   Cr1   Cr1   (  0,   1,  -1)  0.2667   ( 3.950,  6.842, -5.996)  9.918 
   Cr2   Cr2   (  0,   1,  -1) -0.0794   ( 3.950,  6.842, -5.996)  9.918 
   Cr3   Cr3   (  0,   1,  -1) -0.1239   ( 3.950,  6.842, -5.996)  9.918 
   Cr5   Cr5   (  0,   1,  -1) -0.2150   ( 3.950,  6.842, -5.996)  9.918 
   Cr2   Cr2   (  0,   1,   1) -0.1390   ( 3.950,  6.842,  5.996)  9.918 
   Cr3   Cr3   (  0,   1,   1) -0.0952   ( 3.950,  6.842,  5.996)  9.918 
   Cr5   Cr5   (  0,   1,   1) -0.2247   ( 3.950,  6.842,  5.996)  9.918 
   Cr1   Cr1   (  1,   0,  -1)  0.2286   ( 3.950, -6.842, -5.996)  9.918 
   Cr2   Cr2   (  1,   0,  -1) -0.1417   ( 3.950, -6.842, -5.996)  9.918 
   Cr4   Cr4   (  1,   0,  -1) -0.1049   ( 3.950, -6.842, -5.996)  9.918 
   Cr5   Cr5   (  1,   0,  -1) -0.2238   ( 3.950, -6.842, -5.996)  9.918 
   Cr2   Cr2   (  1,   0,   1) -0.0907   ( 3.950, -6.842,  5.996)  9.918 
   Cr4   Cr4   (  1,   0,   1) -0.1323   ( 3.950, -6.842,  5.996)  9.918 
   Cr5   Cr5   (  1,   0,   1) -0.2125   ( 3.950, -6.842,  5.996)  9.918 
