#----------------------------------------------------------------------------------------------------------------------------------------------------------
# Output file for vampire simulation
#   time       : 2025-01-27 19:45:47     process id : 2326
#   hostname   : GRBE200AHCXJDZ3
#   path       : /home/barad/CrTe_x_vampire/TB2J_Jeonghoon/updated_TB2J/Bulk/Cr5Te8/U_4/TB2J_results/Vampire/global_axis/U_3/TB2J_results/Vampire
#   version    : 7.0.0
#   githash    : e017e798022a7c964d4c6aafc8ff97a7f63fd6bd
#----------------------------------------------------------------------------------------------------------------------------------------------------------
0          	0          	0          	1          	1          	0          	0          	1          	1          	0          	0          	1          	1          	
5          	0.00993335 	0.0111831  	0.999888   	0.99188    	0.0108697  	0.0109805  	0.999881   	0.990817   	0.0144339  	0.0176005  	0.999741   	0.989575   	
10         	0.0134055  	-0.0244916 	0.99961    	0.984597   	0.0172193  	-0.0254634 	0.999527   	0.981679   	0.00972148 	-0.0231506 	0.999685   	0.979913   	
15         	0.00240191 	-0.000407326	0.999997   	0.973513   	0.00223022 	0.00145298 	0.999996   	0.972041   	0.00176292 	0.0051985  	0.999985   	0.968403   	
20         	0.00337591 	-0.00852131	0.999958   	0.968679   	-0.00121489	0.00511043 	0.999986   	0.963299   	-0.00248573	0.00506174 	0.999984   	0.96059    	
25         	0.0296628  	0.0103563  	0.999506   	0.956346   	0.0390299  	0.0111886  	0.999175   	0.953781   	0.0390881  	0.0115512  	0.999169   	0.94563    	
30         	0.0279913  	-0.0310597 	0.999126   	0.948489   	0.0281508  	-0.0340341 	0.999024   	0.943158   	0.0269107  	-0.045407  	0.998606   	0.940278   	
35         	0.00430623 	0.0322453  	0.999471   	0.940292   	0.0237255  	0.0305283  	0.999252   	0.933403   	0.0187637  	0.0383896  	0.999087   	0.921077   	
40         	0.0383876  	0.0519473  	0.997912   	0.927957   	0.0390979  	0.0434162  	0.998292   	0.922385   	0.0503198  	0.0609759  	0.99687    	0.916927   	
45         	0.0199427  	-0.00868681	0.999763   	0.926055   	0.0206431  	-0.0146177 	0.99968    	0.91373    	0.0082329  	-0.00202395	0.999964   	0.907162   	
50         	0.0249608  	0.0315249  	0.999191   	0.914612   	0.0290695  	0.0401959  	0.998769   	0.898611   	0.0378905  	0.0260809  	0.998941   	0.888903   	
55         	0.0434566  	0.00102654 	0.999055   	0.899645   	0.0347936  	-0.0137658 	0.9993     	0.88698    	0.0339423  	-0.00853047	0.999387   	0.878705   	
60         	0.0378987  	0.0110456  	0.999221   	0.88441    	0.0447891  	0.00795479 	0.998965   	0.873998   	0.0536115  	-0.00284119	0.998558   	0.860799   	
65         	-0.00510029	0.0350651  	0.999372   	0.885061   	0.00280104 	0.0247804  	0.999689   	0.867668   	-0.0134771 	0.0445124  	0.998918   	0.848734   	
70         	-0.0239497 	0.0267198  	0.999356   	0.865607   	-0.00991813	0.0250645  	0.999637   	0.851301   	-0.00584259	0.0263997  	0.999634   	0.835572   	
75         	0.00686756 	-0.0642805 	0.997908   	0.863079   	-0.0130395 	-0.0464901 	0.998834   	0.843497   	-0.0226778 	-0.0402471 	0.998932   	0.827286   	
80         	-0.0779739 	-0.0179542 	0.996794   	0.848813   	-0.0696008 	-0.0217778 	0.997337   	0.831696   	-0.0788824 	-0.0219657 	0.996642   	0.808912   	
85         	-0.0555333 	0.0705301  	0.995963   	0.837618   	-0.0696978 	0.100922   	0.99245    	0.817211   	-0.0592862 	0.099754   	0.993244   	0.798257   	
90         	0.0769588  	0.042544   	0.996126   	0.814989   	0.104767   	0.0403144  	0.993679   	0.801752   	0.10207    	0.035107   	0.994158   	0.783231   	
95         	0.0381624  	-0.0673729 	0.996998   	0.812551   	0.025533   	-0.0654289 	0.997531   	0.791983   	0.0175038  	-0.0856745 	0.996169   	0.768431   	
100        	-0.0201917 	0.0569082  	0.998175   	0.791761   	-0.0334812 	0.0197335  	0.999245   	0.779616   	-0.0395653 	0.0292362  	0.998789   	0.763656   	
105        	0.11313    	-0.0244648 	0.993279   	0.782226   	0.0940875  	-0.0359545 	0.994914   	0.75504    	0.0637228  	-0.0402757 	0.997155   	0.746201   	
110        	0.0175033  	-0.0183136 	0.999679   	0.780047   	0.0227046  	-0.0270613 	0.999376   	0.757053   	-0.013652  	-0.0177194 	0.99975    	0.731821   	
115        	-0.0142035 	0.168187   	0.985653   	0.766895   	-0.0327469 	0.140907   	0.989481   	0.721804   	-0.0458601 	0.143548   	0.98858    	0.691878   	
120        	-0.0885601 	-0.109586  	0.990024   	0.74484    	-0.111167  	-0.102253  	0.988527   	0.720216   	-0.1319    	-0.138637  	0.98152    	0.702938   	
125        	0.0898508  	-0.00496046	0.995943   	0.716914   	0.072428   	0.0249472  	0.997062   	0.688614   	0.0514032  	0.0529615  	0.997273   	0.645762   	
130        	-0.0829927 	-0.0624363 	0.994592   	0.694227   	-0.0977016 	-0.0598327 	0.993416   	0.665548   	-0.0915757 	-0.0880352 	0.991899   	0.64583    	
135        	-0.0280767 	0.132697   	0.990759   	0.694261   	-0.0424012 	0.159664   	0.98626    	0.656458   	-0.0663382 	0.125635   	0.989856   	0.614696   	
140        	-0.148756  	0.100938   	0.983709   	0.691393   	-0.157114  	0.116224   	0.980718   	0.634057   	-0.174089  	0.141977   	0.974441   	0.586648   	
145        	0.00471051 	-0.0388689 	0.999233   	0.637855   	0.0490361  	-0.0474594 	0.997669   	0.602562   	0.0564796  	-0.0266507 	0.998048   	0.555845   	
150        	0.0353762  	0.180545   	0.98293    	0.601456   	0.0412951  	0.181998   	0.982431   	0.58384    	0.0382413  	0.210015   	0.97695    	0.550436   	
155        	0.0843105  	-0.16184   	0.983209   	0.612401   	0.0786109  	-0.135966  	0.98759    	0.577872   	0.113429   	-0.167719  	0.979288   	0.540555   	
160        	0.14505    	-0.150119  	0.97797    	0.558984   	0.098555   	-0.100596  	0.990034   	0.518294   	0.0392405  	-0.0939589 	0.994802   	0.494939   	
165        	0.00543619 	-0.154253  	0.988016   	0.469574   	0.0350181  	-0.124427  	0.991611   	0.444264   	0.0347598  	-0.129861  	0.990923   	0.437184   	
170        	0.353073   	-0.0296901 	0.935125   	0.453037   	0.251606   	-0.00682124	0.967806   	0.421904   	0.231205   	0.0183783  	0.972731   	0.404664   	
175        	0.270773   	-0.179358  	0.945787   	0.399255   	0.264361   	-0.204118  	0.942576   	0.379331   	0.296035   	-0.143783  	0.944293   	0.330908   	
180        	0.867584   	0.000463182	0.497291   	0.236686   	0.83673    	-0.0661913 	0.543601   	0.204364   	0.747122   	-0.15533   	0.646283   	0.19004    	
185        	0.780763   	-0.071966  	-0.62067   	0.223309   	0.825684   	-0.0757147 	-0.559029  	0.186115   	0.819037   	-0.0304233 	-0.572934  	0.163703   	
190        	0.705685   	0.195167   	0.681115   	0.15671    	0.763695   	0.0830605  	0.640212   	0.118342   	0.791708   	0.2413     	0.561224   	0.12504    	
195        	-0.966302  	-0.250942  	0.0573457  	0.118292   	-0.961599  	-0.239102  	0.134753   	0.100272   	-0.928453  	-0.332381  	0.165824   	0.118976   	
200        	0.987169   	0.100424   	-0.124143  	0.0249869  	0.72342    	-0.112531  	-0.681175  	0.0549299  	-0.0616622 	0.0164739  	-0.997961  	0.0224864  	
205        	-0.031007  	0.168978   	-0.985132  	0.0617856  	-0.478025  	-0.147326  	-0.865903  	0.0493149  	0.14666    	0.535567   	-0.83166   	0.0469245  	
210        	-0.505587  	0.151399   	0.849388   	0.0295844  	-0.948814  	-0.189642  	0.252561   	0.0407394  	-0.973838  	-0.139038  	-0.179745  	0.0535412  	
215        	0.0560773  	-0.9571    	-0.284278  	0.0778328  	0.206858   	-0.956292  	0.206679   	0.0499853  	0.00432027 	-0.986508  	0.163656   	0.0476863  	
220        	-0.658441  	0.744336   	-0.111442  	0.0426727  	-0.893192  	0.423568   	-0.150992  	0.0513187  	-0.990072  	0.115659   	-0.0798782 	0.0443628  	
225        	0.537388   	0.831644   	-0.139935  	0.0284048  	-0.209938  	0.805636   	0.553964   	0.0164848  	-0.0818773 	0.486246   	0.869977   	0.0423099  	
230        	0.288458   	-0.926406  	0.242002   	0.0554142  	0.0374786  	-0.867775  	0.495542   	0.0341221  	0.751476   	-0.238111  	0.615294   	0.0432742  	
235        	0.861067   	0.481425   	0.163691   	0.0290472  	0.306908   	0.896145   	-0.320516  	0.0238459  	0.172937   	0.979166   	0.10643    	0.0409616  	
240        	-0.806386  	-0.555282  	-0.203479  	0.0333204  	0.0187139  	-0.998979  	-0.0411153 	0.0219845  	-0.586124  	-0.796365  	0.149204   	0.0524377  	
