#----------------------------------------------------------------------------------------------------------------------------------------------------------
# Output file for vampire simulation
#   time       : 2025-01-27 19:48:14     process id : 2352
#   hostname   : GRBE200AHCXJDZ3
#   path       : /home/barad/CrTe_x_vampire/TB2J_Jeonghoon/updated_TB2J/Bulk/Cr5Te8/U_4/TB2J_results/Vampire/global_axis/U_3/TB2J_results/Vampire
#   version    : 7.0.0
#   githash    : e017e798022a7c964d4c6aafc8ff97a7f63fd6bd
#----------------------------------------------------------------------------------------------------------------------------------------------------------
0          	0          	0          	1          	1          	0          	0          	1          	1          	0          	0          	1          	1          	
5          	0.09437    	0.0346632  	0.994934   	0.990682   	0.0941641  	0.0372905  	0.994858   	0.989526   	0.0954044  	0.0428628  	0.994515   	0.987442   	
10         	0.16691    	-0.0486684 	0.98477    	0.982349   	0.17179    	-0.0449756 	0.984106   	0.979992   	0.167575   	-0.0429111 	0.984925   	0.977289   	
15         	0.119709   	0.107266   	0.986997   	0.974479   	0.119215   	0.101832   	0.987632   	0.971532   	0.127466   	0.109283   	0.985804   	0.968096   	
20         	0.0950394  	0.0745016  	0.992682   	0.964786   	0.0889927  	0.0743126  	0.993256   	0.960771   	0.085649   	0.0667308  	0.994088   	0.956353   	
25         	-0.1207    	0.0681523  	0.990347   	0.954864   	-0.121798  	0.0644873  	0.990458   	0.950752   	-0.108614  	0.0674544  	0.991793   	0.943837   	
30         	0.189809   	-0.100932  	0.976619   	0.947792   	0.194811   	-0.106182  	0.975077   	0.938323   	0.196405   	-0.104456  	0.974943   	0.935486   	
35         	-0.141713  	-0.618733  	0.772714   	0.936308   	-0.144493  	-0.612242  	0.777355   	0.930107   	-0.14429   	-0.619838  	0.771351   	0.921758   	
40         	-0.0916308 	-0.535152  	0.839771   	0.924023   	-0.0875584 	-0.523414  	0.847568   	0.916615   	-0.0869034 	-0.512756  	0.854125   	0.906507   	
45         	-0.101407  	-0.0985318 	0.989954   	0.915513   	-0.109502  	-0.112125  	0.987642   	0.906473   	-0.115253  	-0.0868137 	0.989535   	0.895614   	
50         	0.39096    	-0.278177  	0.877364   	0.905984   	0.387586   	-0.273246  	0.880405   	0.896174   	0.378779   	-0.277301  	0.882967   	0.889749   	
55         	0.193542   	-0.358871  	0.913101   	0.900786   	0.19102    	-0.361353  	0.912653   	0.885253   	0.197796   	-0.365618  	0.909505   	0.871039   	
60         	0.26112    	-0.606562  	0.750932   	0.88263    	0.286436   	-0.598905  	0.747841   	0.875421   	0.272789   	-0.607699  	0.745847   	0.854467   	
65         	-0.43216   	-0.873737  	0.223208   	0.876274   	-0.426303  	-0.877881  	0.218153   	0.867513   	-0.419162  	-0.880015  	0.223333   	0.848201   	
70         	0.359618   	-0.931587  	0.0531077  	0.862895   	0.360176   	-0.931078  	0.058021   	0.845811   	0.358135   	-0.932538  	0.045952   	0.828471   	
75         	0.36993    	-0.927347  	0.0563809  	0.848025   	0.362396   	-0.929537  	0.0680477  	0.836057   	0.365265   	-0.928206  	0.070809   	0.819285   	
80         	0.52534    	-0.731635  	0.434428   	0.846718   	0.531234   	-0.732155  	0.426309   	0.830155   	0.549799   	-0.72126   	0.421313   	0.806622   	
85         	0.615451   	-0.686618  	0.387009   	0.830103   	0.621953   	-0.680898  	0.38672    	0.820517   	0.607598   	-0.684948  	0.402084   	0.796777   	
90         	0.402855   	-0.680907  	0.611615   	0.830981   	0.401242   	-0.668234  	0.626473   	0.802296   	0.413728   	-0.648269  	0.6392     	0.780365   	
95         	0.592394   	-0.730422  	0.339932   	0.810089   	0.605906   	-0.730009  	0.316173   	0.781067   	0.592332   	-0.736287  	0.327146   	0.763362   	
100        	0.714046   	-0.16759   	0.679744   	0.799074   	0.721104   	-0.178332  	0.669482   	0.777045   	0.724416   	-0.202621  	0.658913   	0.749849   	
105        	0.893284   	0.164647   	0.418253   	0.776077   	0.901022   	0.167014   	0.400332   	0.753993   	0.89902    	0.154649   	0.40969    	0.724272   	
110        	0.383174   	0.778953   	0.496397   	0.776347   	0.366064   	0.771502   	0.520367   	0.745341   	0.353331   	0.761947   	0.542765   	0.726126   	
115        	0.272794   	0.840125   	0.468799   	0.745549   	0.27083    	0.859888   	0.432716   	0.727715   	0.283899   	0.846712   	0.449978   	0.696537   	
120        	0.710579   	0.305447   	0.63386    	0.709404   	0.713861   	0.306265   	0.629765   	0.692199   	0.701038   	0.34509    	0.624066   	0.658974   	
125        	0.806106   	-0.269693  	0.526743   	0.707174   	0.801962   	-0.290062  	0.522227   	0.673367   	0.808138   	-0.30222   	0.505546   	0.639227   	
130        	0.798783   	-0.558952  	0.222527   	0.689577   	0.793028   	-0.577501  	0.193908   	0.668334   	0.800623   	-0.548637  	0.240831   	0.635345   	
135        	0.775846   	-0.599276  	0.197311   	0.670724   	0.765339   	-0.614548  	0.191274   	0.63973    	0.770381   	-0.614578  	0.169727   	0.589      	
140        	0.33463    	-0.941555  	-0.0386786 	0.658447   	0.328663   	-0.942302  	-0.0636248 	0.611623   	0.309174   	-0.947023  	-0.0869441 	0.591408   	
145        	-0.280824  	-0.915504  	-0.288081  	0.622557   	-0.313978  	-0.908071  	-0.277174  	0.598157   	-0.267889  	-0.923889  	-0.273249  	0.54933    	
150        	0.126246   	-0.962382  	0.240588   	0.603071   	0.113104   	-0.96833   	0.222587   	0.589531   	0.0898443  	-0.968607  	0.231794   	0.546295   	
155        	0.937564   	0.229458   	0.261387   	0.567956   	0.941674   	0.255043   	0.219551   	0.516786   	0.936494   	0.277806   	0.214015   	0.476646   	
160        	-0.59178   	0.613816   	0.522519   	0.520145   	-0.590733  	0.605219   	0.533614   	0.497846   	-0.596472  	0.67631    	0.432234   	0.476651   	
165        	-0.656062  	0.507532   	0.558564   	0.481051   	-0.673325  	0.465133   	0.574704   	0.468641   	-0.74493   	0.416994   	0.520764   	0.403967   	
170        	-0.125687  	0.882758   	-0.452705  	0.454122   	-0.153723  	0.87548    	-0.458153  	0.424286   	-0.242794  	0.850115   	-0.467285  	0.400125   	
175        	0.309486   	0.950838   	0.0111747  	0.34802    	0.322391   	0.945925   	0.0359023  	0.328344   	0.335067   	0.934504   	0.120135   	0.291484   	
180        	0.387945   	-0.92166   	0.00639848 	0.287988   	0.435007   	-0.899819  	-0.0330887 	0.295065   	0.44836    	-0.892373  	-0.051412  	0.295482   	
185        	0.548996   	0.754699   	0.359213   	0.176759   	0.596622   	0.680922   	0.424721   	0.149893   	0.583024   	0.699436   	0.413368   	0.124336   	
190        	-0.197955  	0.734893   	-0.648649  	0.149544   	-0.17376   	0.859523   	-0.480653  	0.13711    	-0.298961  	0.872455   	-0.386581  	0.14098    	
195        	-0.965833  	0.153777   	0.208613   	0.089159   	-0.949749  	0.133745   	0.283      	0.07858    	-0.587139  	0.7843     	-0.200353  	0.0472931  	
200        	-0.62141   	-0.233922  	-0.74775   	0.0260598  	-0.372036  	0.92413    	-0.0870225 	0.0219155  	-0.0259085 	0.0622148  	-0.997726  	0.0465006  	
205        	-0.781222  	0.609923   	-0.132992  	0.0579535  	-0.256201  	0.78589    	-0.562795  	0.042174   	-0.298073  	0.693302   	-0.656113  	0.0270342  	
210        	0.365398   	-0.342421  	-0.865582  	0.0863725  	0.569292   	-0.109081  	-0.814867  	0.0728147  	-0.127679  	-0.115462  	-0.985072  	0.0426963  	
215        	-0.364363  	-0.74627   	0.557064   	0.0455612  	-0.521095  	-0.767241  	0.373901   	0.0387966  	-0.477492  	-0.821056  	-0.31284   	0.0435309  	
220        	-0.755638  	0.233083   	0.612114   	0.0782613  	-0.89913   	-0.130973  	0.417625   	0.0665936  	-0.92904   	0.018986   	0.369491   	0.0830658  	
225        	-0.141789  	0.914748   	0.378327   	0.036894   	0.552832   	0.538051   	0.636301   	0.0174644  	0.661724   	0.558883   	-0.499771  	0.033032   	
230        	0.313289   	-0.887026  	0.339168   	0.0537839  	0.131605   	-0.90014   	-0.415246  	0.0311027  	0.366723   	-0.588159  	-0.720821  	0.0588144  	
235        	-0.26081   	-0.920398  	-0.291283  	0.0442653  	0.479093   	-0.874944  	-0.0703029 	0.0388331  	0.517146   	-0.639052  	0.569362   	0.0475196  	
240        	0.320775   	-0.942204  	-0.0967206 	0.0785696  	0.0323954  	-0.966399  	-0.254996  	0.0478659  	-0.154052  	-0.986683  	0.0521988  	0.0458315  	
