Cr1             0.00000000   -0.14258222   -0.07483789    4.9247    3.7821
Cr2            -0.00000000    0.14258222    6.24483789    4.9251    3.7814
Cr3             1.96699985    3.54952624    0.07483789    4.9255    3.7821
Cr4             1.96699985    3.26436181    6.09516211    4.9250    3.7823
Cr5             1.96699985   -3.26436181    0.07483789    4.9258    3.7819
Cr6             1.96699985   -3.54952624    6.09516211    4.9252    3.7821
Cr7             3.93399970   -0.14258222   -0.07483789    4.9252    3.7820
Cr8             3.93399970    0.14258222    6.24483789    4.9250    3.7820
Cr9             0.00000000    0.00000000    3.08500000    5.0369    3.9429
Cr10            1.96699985    3.40694402    9.25500000    5.0362    3.9429
Cr11            1.96699985   -3.40694402    9.25500000    5.0371    3.9421
Cr12            3.93399970    0.00000000    3.08500000    5.0360    3.9426
Cr1 : ['orb_1', 'orb_2', 'orb_3', 'orb_4', 'orb_5']
Cr2 : ['orb_1', 'orb_2', 'orb_3', 'orb_4', 'orb_5']
Cr3 : ['orb_1', 'orb_2', 'orb_3', 'orb_4', 'orb_5']
Cr4 : ['orb_1', 'orb_2', 'orb_3', 'orb_4', 'orb_5']
Cr5 : ['orb_1', 'orb_2', 'orb_3', 'orb_4', 'orb_5']
Cr6 : ['orb_1', 'orb_2', 'orb_3', 'orb_4', 'orb_5']
Cr7 : ['orb_1', 'orb_2', 'orb_3', 'orb_4', 'orb_5']
Cr8 : ['orb_1', 'orb_2', 'orb_3', 'orb_4', 'orb_5']
Cr9 : ['orb_1', 'orb_2', 'orb_3', 'orb_4', 'orb_5']
Cr10 : ['orb_1', 'orb_2', 'orb_3', 'orb_4', 'orb_5']
Cr11 : ['orb_1', 'orb_2', 'orb_3', 'orb_4', 'orb_5']
Cr12 : ['orb_1', 'orb_2', 'orb_3', 'orb_4', 'orb_5']
   Cr4   Cr10  (  0,   0,   0)  5.0722   (-0.000,  0.143,  3.160)  3.163 
   Cr6   Cr11  (  0,   0,   0)  5.3232   (-0.000,  0.143,  3.160)  3.163 
   Cr10  Cr4   (  0,   0,   0)  5.0722   ( 0.000, -0.143, -3.160)  3.163 
   Cr11  Cr6   (  0,   0,   0)  5.3232   ( 0.000, -0.143, -3.160)  3.163 
   Cr1   Cr9   (  0,   0,   0)  5.2942   (-0.000,  0.143,  3.160)  3.163 
   Cr7   Cr12  (  0,   0,   0)  5.0819   (-0.000,  0.143,  3.160)  3.163 
   Cr9   Cr1   (  0,   0,   0)  5.2942   ( 0.000, -0.143, -3.160)  3.163 
   Cr12  Cr7   (  0,   0,   0)  5.0819   ( 0.000, -0.143, -3.160)  3.163 
   Cr2   Cr9   (  0,   0,   0)  4.9942   ( 0.000, -0.143, -3.160)  3.163 
   Cr8   Cr12  (  0,   0,   0)  5.2939   (-0.000, -0.143, -3.160)  3.163 
   Cr9   Cr2   (  0,   0,   0)  4.9942   (-0.000,  0.143,  3.160)  3.163 
   Cr12  Cr8   (  0,   0,   0)  5.2939   ( 0.000,  0.143,  3.160)  3.163 
   Cr3   Cr10  (  0,   0,  -1)  5.2955   (-0.000, -0.143, -3.160)  3.163 
   Cr5   Cr11  (  0,   0,  -1)  5.0904   (-0.000, -0.143, -3.160)  3.163 
   Cr10  Cr3   (  0,   0,   1)  5.2955   ( 0.000,  0.143,  3.160)  3.163 
   Cr11  Cr5   (  0,   0,   1)  5.0904   ( 0.000,  0.143,  3.160)  3.163 
   Cr3   Cr7   ( -1,   0,   0)  3.5678   (-1.967,  3.122, -0.150)  3.693 
   Cr7   Cr3   (  1,   0,   0)  3.5678   ( 1.967, -3.122,  0.150)  3.693 
   Cr2   Cr6   ( -1,   0,   0)  3.4942   (-1.967,  3.122, -0.150)  3.693 
   Cr1   Cr3   (  0,  -1,   0)  3.5249   (-1.967, -3.122,  0.150)  3.693 
   Cr6   Cr8   (  0,  -1,   0)  3.5224   (-1.967, -3.122,  0.150)  3.693 
   Cr3   Cr1   (  0,   1,   0)  3.5249   ( 1.967,  3.122, -0.150)  3.693 
   Cr8   Cr6   (  0,   1,   0)  3.5224   ( 1.967,  3.122, -0.150)  3.693 
   Cr6   Cr2   (  1,   0,   0)  3.4942   ( 1.967, -3.122,  0.150)  3.693 
   Cr1   Cr5   (  0,   0,   0)  3.5074   ( 1.967, -3.122,  0.150)  3.693 
   Cr2   Cr4   (  0,   0,   0)  3.4745   ( 1.967,  3.122, -0.150)  3.693 
   Cr4   Cr2   (  0,   0,   0)  3.4745   (-1.967, -3.122,  0.150)  3.693 
   Cr4   Cr8   (  0,   0,   0)  3.5288   ( 1.967, -3.122,  0.150)  3.693 
   Cr5   Cr1   (  0,   0,   0)  3.5074   (-1.967,  3.122, -0.150)  3.693 
   Cr5   Cr7   (  0,   0,   0)  3.5053   ( 1.967,  3.122, -0.150)  3.693 
   Cr7   Cr5   (  0,   0,   0)  3.5053   (-1.967, -3.122,  0.150)  3.693 
   Cr8   Cr4   (  0,   0,   0)  3.5288   (-1.967,  3.122, -0.150)  3.693 
   Cr1   Cr7   ( -1,  -1,   0)  3.6391   (-3.934, -0.000,  0.000)  3.934 
   Cr2   Cr8   ( -1,  -1,   0)  3.6816   (-3.934,  0.000,  0.000)  3.934 
   Cr7   Cr1   (  1,   1,   0)  3.6391   ( 3.934,  0.000,  0.000)  3.934 
   Cr8   Cr2   (  1,   1,   0)  3.6816   ( 3.934, -0.000,  0.000)  3.934 
   Cr4   Cr6   ( -1,   0,   0)  3.7002   (-3.934, -0.000,  0.000)  3.934 
   Cr10  Cr11  (  0,   1,   0) -0.8913   ( 3.934,  0.000,  0.000)  3.934 
   Cr6   Cr4   (  1,   0,   0)  3.7002   ( 3.934,  0.000,  0.000)  3.934 
   Cr11  Cr10  (  1,   0,   0) -1.0024   ( 3.934,  0.000,  0.000)  3.934 
   Cr9   Cr12  ( -1,  -1,   0) -1.0001   (-3.934,  0.000,  0.000)  3.934 
   Cr3   Cr5   ( -1,   0,   0)  3.7092   (-3.934, -0.000,  0.000)  3.934 
   Cr10  Cr11  ( -1,   0,   0) -1.0024   (-3.934,  0.000,  0.000)  3.934 
   Cr5   Cr3   (  0,  -1,   0)  3.6443   (-3.934,  0.000,  0.000)  3.934 
   Cr11  Cr10  (  0,  -1,   0) -0.8913   (-3.934,  0.000,  0.000)  3.934 
   Cr9   Cr12  (  0,   0,   0) -0.9245   ( 3.934,  0.000,  0.000)  3.934 
   Cr12  Cr9   (  0,   0,   0) -0.9245   (-3.934,  0.000,  0.000)  3.934 
   Cr3   Cr5   (  0,   1,   0)  3.6443   ( 3.934, -0.000,  0.000)  3.934 
   Cr5   Cr3   (  1,   0,   0)  3.7092   ( 3.934,  0.000,  0.000)  3.934 
   Cr12  Cr9   (  1,   1,   0) -1.0001   ( 3.934,  0.000,  0.000)  3.934 
   Cr6   Cr4   (  0,  -1,   0)  3.7427   (-3.934,  0.000,  0.000)  3.934 
   Cr4   Cr6   (  0,   1,   0)  3.7427   ( 3.934, -0.000,  0.000)  3.934 
   Cr1   Cr7   (  0,   0,   0)  3.7145   ( 3.934, -0.000,  0.000)  3.934 
   Cr2   Cr8   (  0,   0,   0)  3.7532   ( 3.934,  0.000,  0.000)  3.934 
   Cr7   Cr1   (  0,   0,   0)  3.7145   (-3.934,  0.000,  0.000)  3.934 
   Cr8   Cr2   (  0,   0,   0)  3.7532   (-3.934, -0.000,  0.000)  3.934 
   Cr1   Cr5   ( -1,   0,   0)  4.3525   (-1.967,  3.692,  0.150)  4.186 
   Cr4   Cr8   ( -1,   0,   0)  4.2893   (-1.967,  3.692,  0.150)  4.186 
   Cr2   Cr4   (  0,  -1,   0)  4.3178   (-1.967, -3.692, -0.150)  4.186 
   Cr4   Cr2   (  0,   1,   0)  4.3178   ( 1.967,  3.692,  0.150)  4.186 
   Cr5   Cr1   (  1,   0,   0)  4.3525   ( 1.967, -3.692, -0.150)  4.186 
   Cr5   Cr7   (  0,  -1,   0)  4.3637   (-1.967, -3.692, -0.150)  4.186 
   Cr7   Cr5   (  0,   1,   0)  4.3637   ( 1.967,  3.692,  0.150)  4.186 
   Cr8   Cr4   (  1,   0,   0)  4.2893   ( 1.967, -3.692, -0.150)  4.186 
   Cr1   Cr3   (  0,   0,   0)  4.3633   ( 1.967,  3.692,  0.150)  4.186 
   Cr3   Cr1   (  0,   0,   0)  4.3633   (-1.967, -3.692, -0.150)  4.186 
   Cr2   Cr6   (  0,   0,   0)  4.3488   ( 1.967, -3.692, -0.150)  4.186 
   Cr3   Cr7   (  0,   0,   0)  4.3300   ( 1.967, -3.692, -0.150)  4.186 
   Cr6   Cr2   (  0,   0,   0)  4.3488   (-1.967,  3.692,  0.150)  4.186 
   Cr6   Cr8   (  0,   0,   0)  4.3019   ( 1.967,  3.692,  0.150)  4.186 
   Cr7   Cr3   (  0,   0,   0)  4.3300   (-1.967,  3.692,  0.150)  4.186 
   Cr8   Cr6   (  0,   0,   0)  4.3019   (-1.967, -3.692, -0.150)  4.186 
   Cr11  Cr8   (  0,  -1,   0)  8.7269   (-1.967, -3.264, -3.010)  4.857 
   Cr8   Cr11  (  0,   1,   0)  8.7269   ( 1.967,  3.264,  3.010)  4.857 
   Cr2   Cr11  ( -1,   0,   0)  8.6701   (-1.967,  3.264,  3.010)  4.857 
   Cr9   Cr3   (  0,  -1,   0)  8.6758   (-1.967, -3.264, -3.010)  4.857 
   Cr2   Cr10  (  0,   0,   0)  8.5238   ( 1.967,  3.264,  3.010)  4.857 
   Cr8   Cr10  (  0,   0,   0)  8.5205   (-1.967,  3.264,  3.010)  4.857 
   Cr10  Cr2   (  0,   0,   0)  8.5238   (-1.967, -3.264, -3.010)  4.857 
   Cr10  Cr8   (  0,   0,   0)  8.5205   ( 1.967, -3.264, -3.010)  4.857 
   Cr3   Cr9   (  0,   1,   0)  8.6758   ( 1.967,  3.264,  3.010)  4.857 
   Cr11  Cr2   (  1,   0,   0)  8.6701   ( 1.967, -3.264, -3.010)  4.857 
   Cr12  Cr3   (  1,   0,   0)  8.4991   ( 1.967, -3.264, -3.010)  4.857 
   Cr3   Cr12  ( -1,   0,   0)  8.4991   (-1.967,  3.264,  3.010)  4.857 
   Cr9   Cr6   ( -1,   0,   0)  8.4847   (-1.967,  3.264,  3.010)  4.857 
   Cr6   Cr9   (  1,   0,   0)  8.4847   ( 1.967, -3.264, -3.010)  4.857 
   Cr7   Cr10  (  1,   0,  -1)  8.6601   ( 1.967, -3.264, -3.010)  4.857 
   Cr10  Cr7   ( -1,   0,   1)  8.6601   (-1.967,  3.264,  3.010)  4.857 
   Cr6   Cr12  (  0,  -1,   0)  8.6960   (-1.967, -3.264, -3.010)  4.857 
   Cr5   Cr9   (  0,   0,   0)  8.6874   (-1.967,  3.264,  3.010)  4.857 
   Cr5   Cr12  (  0,   0,   0)  8.5209   ( 1.967,  3.264,  3.010)  4.857 
   Cr9   Cr5   (  0,   0,   0)  8.6874   ( 1.967, -3.264, -3.010)  4.857 
   Cr12  Cr5   (  0,   0,   0)  8.5209   (-1.967, -3.264, -3.010)  4.857 
   Cr12  Cr6   (  0,   1,   0)  8.6960   ( 1.967,  3.264,  3.010)  4.857 
   Cr1   Cr10  (  0,  -1,  -1)  8.6287   (-1.967, -3.264, -3.010)  4.857 
   Cr1   Cr11  (  0,   0,  -1)  8.4999   ( 1.967, -3.264, -3.010)  4.857 
   Cr7   Cr11  (  0,   0,  -1)  8.4523   (-1.967, -3.264, -3.010)  4.857 
   Cr11  Cr1   (  0,   0,   1)  8.4999   (-1.967,  3.264,  3.010)  4.857 
   Cr11  Cr7   (  0,   0,   1)  8.4523   ( 1.967,  3.264,  3.010)  4.857 
   Cr10  Cr1   (  0,   1,   1)  8.6287   ( 1.967,  3.264,  3.010)  4.857 
   Cr4   Cr12  (  0,   0,   0)  8.5997   ( 1.967, -3.264, -3.010)  4.857 
   Cr12  Cr4   (  0,   0,   0)  8.5997   (-1.967,  3.264,  3.010)  4.857 
   Cr4   Cr9   (  0,   0,   0)  8.4823   (-1.967, -3.264, -3.010)  4.857 
   Cr9   Cr4   (  0,   0,   0)  8.4823   ( 1.967,  3.264,  3.010)  4.857 
   Cr10  Cr6   ( -1,   0,   0)  6.7874   (-3.934, -0.143, -3.160)  5.048 
   Cr4   Cr11  (  0,   1,   0)  6.7943   ( 3.934,  0.143,  3.160)  5.048 
   Cr6   Cr10  (  1,   0,   0)  6.7874   ( 3.934,  0.143,  3.160)  5.048 
   Cr11  Cr4   (  0,  -1,   0)  6.7943   (-3.934, -0.143, -3.160)  5.048 
   Cr9   Cr7   ( -1,  -1,   0)  6.7682   (-3.934, -0.143, -3.160)  5.048 
   Cr4   Cr11  ( -1,   0,   0)  6.8708   (-3.934,  0.143,  3.160)  5.048 
   Cr6   Cr10  (  0,  -1,   0)  6.7777   (-3.934,  0.143,  3.160)  5.048 
   Cr11  Cr4   (  1,   0,   0)  6.8708   ( 3.934, -0.143, -3.160)  5.048 
   Cr7   Cr9   (  1,   1,   0)  6.7682   ( 3.934,  0.143,  3.160)  5.048 
   Cr1   Cr12  ( -1,  -1,   0)  6.7614   (-3.934,  0.143,  3.160)  5.048 
   Cr9   Cr8   ( -1,  -1,   0)  6.7757   (-3.934,  0.143,  3.160)  5.048 
   Cr1   Cr12  (  0,   0,   0)  6.8124   ( 3.934,  0.143,  3.160)  5.048 
   Cr12  Cr1   (  0,   0,   0)  6.8124   (-3.934, -0.143, -3.160)  5.048 
   Cr10  Cr6   (  0,   1,   0)  6.7777   ( 3.934, -0.143, -3.160)  5.048 
   Cr8   Cr9   (  1,   1,   0)  6.7757   ( 3.934, -0.143, -3.160)  5.048 
   Cr12  Cr1   (  1,   1,   0)  6.7614   ( 3.934, -0.143, -3.160)  5.048 
   Cr5   Cr10  (  1,   0,  -1)  6.8359   ( 3.934, -0.143, -3.160)  5.048 
   Cr3   Cr11  (  0,   1,  -1)  6.7281   ( 3.934, -0.143, -3.160)  5.048 
   Cr11  Cr3   (  0,  -1,   1)  6.7281   (-3.934,  0.143,  3.160)  5.048 
   Cr2   Cr12  ( -1,  -1,   0)  6.7818   (-3.934, -0.143, -3.160)  5.048 
   Cr2   Cr12  (  0,   0,   0)  6.8318   ( 3.934, -0.143, -3.160)  5.048 
   Cr7   Cr9   (  0,   0,   0)  6.8009   (-3.934,  0.143,  3.160)  5.048 
   Cr9   Cr7   (  0,   0,   0)  6.8009   ( 3.934, -0.143, -3.160)  5.048 
   Cr12  Cr2   (  0,   0,   0)  6.8318   (-3.934,  0.143,  3.160)  5.048 
   Cr12  Cr2   (  1,   1,   0)  6.7818   ( 3.934,  0.143,  3.160)  5.048 
   Cr5   Cr10  (  0,  -1,  -1)  6.8742   (-3.934, -0.143, -3.160)  5.048 
   Cr3   Cr11  ( -1,   0,  -1)  6.7773   (-3.934, -0.143, -3.160)  5.048 
   Cr10  Cr5   ( -1,   0,   1)  6.8359   (-3.934,  0.143,  3.160)  5.048 
   Cr10  Cr5   (  0,   1,   1)  6.8742   ( 3.934,  0.143,  3.160)  5.048 
   Cr11  Cr3   (  1,   0,   1)  6.7773   ( 3.934,  0.143,  3.160)  5.048 
   Cr8   Cr9   (  0,   0,   0)  6.7753   (-3.934, -0.143, -3.160)  5.048 
   Cr9   Cr8   (  0,   0,   0)  6.7753   ( 3.934,  0.143,  3.160)  5.048 
   Cr10  Cr8   ( -1,   0,   0)  4.6640   (-1.967,  3.550, -3.010)  5.053 
   Cr9   Cr5   ( -1,   0,   0)  4.5515   (-1.967,  3.550, -3.010)  5.053 
   Cr2   Cr10  (  0,  -1,   0)  4.5862   (-1.967, -3.550,  3.010)  5.053 
   Cr5   Cr12  (  0,  -1,   0)  4.6935   (-1.967, -3.550,  3.010)  5.053 
   Cr2   Cr11  (  0,   0,   0)  4.6436   ( 1.967, -3.550,  3.010)  5.053 
   Cr11  Cr2   (  0,   0,   0)  4.6436   (-1.967,  3.550, -3.010)  5.053 
   Cr10  Cr2   (  0,   1,   0)  4.5862   ( 1.967,  3.550, -3.010)  5.053 
   Cr12  Cr5   (  0,   1,   0)  4.6935   ( 1.967,  3.550, -3.010)  5.053 
   Cr5   Cr9   (  1,   0,   0)  4.5515   ( 1.967, -3.550,  3.010)  5.053 
   Cr8   Cr10  (  1,   0,   0)  4.6640   ( 1.967, -3.550,  3.010)  5.053 
   Cr8   Cr11  (  0,   0,   0)  4.7270   (-1.967, -3.550,  3.010)  5.053 
   Cr11  Cr8   (  0,   0,   0)  4.7270   ( 1.967,  3.550, -3.010)  5.053 
   Cr7   Cr11  (  0,   1,  -1)  4.6370   ( 1.967,  3.550, -3.010)  5.053 
   Cr4   Cr12  ( -1,   0,   0)  4.6941   (-1.967,  3.550, -3.010)  5.053 
   Cr9   Cr4   (  0,  -1,   0)  4.6911   (-1.967, -3.550,  3.010)  5.053 
   Cr3   Cr9   (  0,   0,   0)  4.5970   (-1.967, -3.550,  3.010)  5.053 
   Cr3   Cr12  (  0,   0,   0)  4.6109   ( 1.967, -3.550,  3.010)  5.053 
   Cr9   Cr3   (  0,   0,   0)  4.5970   ( 1.967,  3.550, -3.010)  5.053 
   Cr12  Cr3   (  0,   0,   0)  4.6109   (-1.967,  3.550, -3.010)  5.053 
   Cr4   Cr9   (  0,   1,   0)  4.6911   ( 1.967,  3.550, -3.010)  5.053 
   Cr12  Cr4   (  1,   0,   0)  4.6941   ( 1.967, -3.550,  3.010)  5.053 
   Cr1   Cr10  (  0,   0,  -1)  4.7128   ( 1.967,  3.550, -3.010)  5.053 
   Cr1   Cr11  ( -1,   0,  -1)  4.6129   (-1.967,  3.550, -3.010)  5.053 
   Cr10  Cr1   (  0,   0,   1)  4.7128   (-1.967, -3.550,  3.010)  5.053 
   Cr11  Cr7   (  0,  -1,   1)  4.6370   (-1.967, -3.550,  3.010)  5.053 
   Cr11  Cr1   (  1,   0,   1)  4.6129   ( 1.967, -3.550,  3.010)  5.053 
   Cr6   Cr12  (  0,   0,   0)  4.6408   ( 1.967,  3.550, -3.010)  5.053 
   Cr12  Cr6   (  0,   0,   0)  4.6408   (-1.967, -3.550,  3.010)  5.053 
   Cr7   Cr10  (  0,   0,  -1)  4.6512   (-1.967,  3.550, -3.010)  5.053 
   Cr10  Cr7   (  0,   0,   1)  4.6512   ( 1.967, -3.550,  3.010)  5.053 
   Cr6   Cr9   (  0,   0,   0)  4.7088   (-1.967,  3.550, -3.010)  5.053 
   Cr9   Cr6   (  0,   0,   0)  4.7088   ( 1.967, -3.550,  3.010)  5.053 
   Cr1   Cr2   (  0,   0,  -1) -0.2132   (-0.000,  0.285, -6.020)  6.027 
   Cr7   Cr8   (  0,   0,  -1) -0.1981   ( 0.000,  0.285, -6.020)  6.027 
   Cr2   Cr1   (  0,   0,   1) -0.2132   ( 0.000, -0.285,  6.020)  6.027 
   Cr8   Cr7   (  0,   0,   1) -0.1981   ( 0.000, -0.285,  6.020)  6.027 
   Cr3   Cr4   (  0,   0,   0) -0.2117   (-0.000, -0.285,  6.020)  6.027 
   Cr4   Cr3   (  0,   0,   0) -0.2117   ( 0.000,  0.285, -6.020)  6.027 
   Cr5   Cr6   (  0,   0,   0) -0.2036   ( 0.000, -0.285,  6.020)  6.027 
   Cr6   Cr5   (  0,   0,   0) -0.2036   (-0.000,  0.285, -6.020)  6.027 
   Cr3   Cr4   (  0,   0,  -1)  0.7179   (-0.000, -0.285, -6.320)  6.326 
   Cr5   Cr6   (  0,   0,  -1)  0.7112   ( 0.000, -0.285, -6.320)  6.326 
   Cr4   Cr3   (  0,   0,   1)  0.7179   ( 0.000,  0.285,  6.320)  6.326 
   Cr6   Cr5   (  0,   0,   1)  0.7112   (-0.000,  0.285,  6.320)  6.326 
   Cr1   Cr2   (  0,   0,   0)  0.7066   (-0.000,  0.285,  6.320)  6.326 
   Cr2   Cr1   (  0,   0,   0)  0.7066   ( 0.000, -0.285, -6.320)  6.326 
   Cr7   Cr8   (  0,   0,   0)  0.7148   ( 0.000,  0.285,  6.320)  6.326 
   Cr8   Cr7   (  0,   0,   0)  0.7148   ( 0.000, -0.285, -6.320)  6.326 
   Cr1   Cr5   ( -1,  -1,   0)  0.6782   (-5.901, -3.122,  0.150)  6.678 
   Cr2   Cr4   ( -1,  -1,   0)  0.6734   (-5.901,  3.122, -0.150)  6.678 
   Cr4   Cr8   ( -1,  -1,   0)  0.6691   (-5.901, -3.122,  0.150)  6.678 
   Cr5   Cr7   ( -1,  -1,   0)  0.6657   (-5.901,  3.122, -0.150)  6.678 
   Cr3   Cr1   ( -1,   0,   0)  0.6814   (-5.901,  3.122, -0.150)  6.678 
   Cr8   Cr6   ( -1,   0,   0)  0.6675   (-5.901,  3.122, -0.150)  6.678 
   Cr6   Cr2   (  0,  -1,   0)  0.6729   (-5.901, -3.122,  0.150)  6.678 
   Cr7   Cr3   (  0,  -1,   0)  0.6673   (-5.901, -3.122,  0.150)  6.678 
   Cr2   Cr6   (  0,   1,   0)  0.6729   ( 5.901,  3.122, -0.150)  6.678 
   Cr3   Cr7   (  0,   1,   0)  0.6673   ( 5.901,  3.122, -0.150)  6.678 
   Cr1   Cr3   (  1,   0,   0)  0.6814   ( 5.901, -3.122,  0.150)  6.678 
   Cr6   Cr8   (  1,   0,   0)  0.6675   ( 5.901, -3.122,  0.150)  6.678 
   Cr4   Cr2   (  1,   1,   0)  0.6734   ( 5.901, -3.122,  0.150)  6.678 
   Cr5   Cr1   (  1,   1,   0)  0.6782   ( 5.901,  3.122, -0.150)  6.678 
   Cr7   Cr5   (  1,   1,   0)  0.6657   ( 5.901, -3.122,  0.150)  6.678 
   Cr8   Cr4   (  1,   1,   0)  0.6691   ( 5.901,  3.122, -0.150)  6.678 
   Cr4   Cr6   ( -1,   1,   0) -0.0664   ( 0.000,  6.814,  0.000)  6.814 
   Cr5   Cr3   (  1,  -1,   0) -0.0766   ( 0.000, -6.814,  0.000)  6.814 
   Cr3   Cr5   ( -1,   1,   0) -0.0766   (-0.000,  6.814,  0.000)  6.814 
   Cr6   Cr4   (  1,  -1,   0) -0.0664   (-0.000, -6.814,  0.000)  6.814 
   Cr1   Cr7   ( -1,   0,   0) -0.0626   ( 0.000,  6.814,  0.000)  6.814 
   Cr7   Cr1   (  1,   0,   0) -0.0626   (-0.000, -6.814,  0.000)  6.814 
   Cr2   Cr8   ( -1,   0,   0) -0.0641   ( 0.000,  6.814,  0.000)  6.814 
   Cr9   Cr12  ( -1,   0,   0)  0.1099   ( 0.000,  6.814,  0.000)  6.814 
   Cr2   Cr8   (  0,  -1,   0) -0.0738   ( 0.000, -6.814,  0.000)  6.814 
   Cr9   Cr12  (  0,  -1,   0)  0.1012   ( 0.000, -6.814,  0.000)  6.814 
   Cr10  Cr11  (  0,   0,   0)  0.1174   ( 0.000, -6.814,  0.000)  6.814 
   Cr11  Cr10  (  0,   0,   0)  0.1174   ( 0.000,  6.814,  0.000)  6.814 
   Cr8   Cr2   (  0,   1,   0) -0.0738   (-0.000,  6.814,  0.000)  6.814 
   Cr12  Cr9   (  0,   1,   0)  0.1012   ( 0.000,  6.814,  0.000)  6.814 
   Cr8   Cr2   (  1,   0,   0) -0.0641   (-0.000, -6.814,  0.000)  6.814 
   Cr12  Cr9   (  1,   0,   0)  0.1099   ( 0.000, -6.814,  0.000)  6.814 
   Cr1   Cr7   (  0,  -1,   0) -0.0607   ( 0.000, -6.814,  0.000)  6.814 
   Cr7   Cr1   (  0,   1,   0) -0.0607   (-0.000,  6.814,  0.000)  6.814 
   Cr10  Cr11  ( -1,   1,   0)  0.1101   ( 0.000,  6.814,  0.000)  6.814 
   Cr11  Cr10  (  1,  -1,   0)  0.1101   ( 0.000, -6.814,  0.000)  6.814 
   Cr3   Cr5   (  0,   0,   0) -0.0618   (-0.000, -6.814,  0.000)  6.814 
   Cr4   Cr6   (  0,   0,   0) -0.0554   ( 0.000, -6.814,  0.000)  6.814 
   Cr5   Cr3   (  0,   0,   0) -0.0618   ( 0.000,  6.814,  0.000)  6.814 
   Cr6   Cr4   (  0,   0,   0) -0.0554   (-0.000,  6.814,  0.000)  6.814 
   Cr1   Cr3   ( -1,  -1,   0)  0.1839   (-5.901,  3.692,  0.150)  6.962 
   Cr2   Cr6   ( -1,  -1,   0)  0.1651   (-5.901, -3.692, -0.150)  6.962 
   Cr3   Cr7   ( -1,  -1,   0)  0.1589   (-5.901, -3.692, -0.150)  6.962 
   Cr6   Cr8   ( -1,  -1,   0)  0.1620   (-5.901,  3.692,  0.150)  6.962 
   Cr4   Cr2   ( -1,   0,   0)  0.1683   (-5.901,  3.692,  0.150)  6.962 
   Cr5   Cr1   (  0,  -1,   0)  0.1718   (-5.901, -3.692, -0.150)  6.962 
   Cr1   Cr5   (  0,   1,   0)  0.1718   ( 5.901,  3.692,  0.150)  6.962 
   Cr2   Cr4   (  1,   0,   0)  0.1683   ( 5.901, -3.692, -0.150)  6.962 
   Cr3   Cr1   (  1,   1,   0)  0.1839   ( 5.901, -3.692, -0.150)  6.962 
   Cr6   Cr2   (  1,   1,   0)  0.1651   ( 5.901,  3.692,  0.150)  6.962 
   Cr7   Cr3   (  1,   1,   0)  0.1589   ( 5.901,  3.692,  0.150)  6.962 
   Cr8   Cr6   (  1,   1,   0)  0.1620   ( 5.901, -3.692, -0.150)  6.962 
   Cr7   Cr5   ( -1,   0,   0)  0.1599   (-5.901,  3.692,  0.150)  6.962 
   Cr8   Cr4   (  0,  -1,   0)  0.1689   (-5.901, -3.692, -0.150)  6.962 
   Cr4   Cr8   (  0,   1,   0)  0.1689   ( 5.901,  3.692,  0.150)  6.962 
   Cr5   Cr7   (  1,   0,   0)  0.1599   ( 5.901, -3.692, -0.150)  6.962 
   Cr1   Cr8   ( -1,  -1,  -1)  0.6070   (-3.934,  0.285, -6.020)  7.197 
   Cr7   Cr2   (  1,   1,  -1)  0.6218   ( 3.934,  0.285, -6.020)  7.197 
   Cr2   Cr7   ( -1,  -1,   1)  0.6218   (-3.934, -0.285,  6.020)  7.197 
   Cr8   Cr1   (  1,   1,   1)  0.6070   ( 3.934, -0.285,  6.020)  7.197 
   Cr1   Cr8   (  0,   0,  -1)  0.6160   ( 3.934,  0.285, -6.020)  7.197 
   Cr7   Cr2   (  0,   0,  -1)  0.6167   (-3.934,  0.285, -6.020)  7.197 
   Cr2   Cr7   (  0,   0,   1)  0.6167   ( 3.934, -0.285,  6.020)  7.197 
   Cr8   Cr1   (  0,   0,   1)  0.6160   (-3.934, -0.285,  6.020)  7.197 
   Cr3   Cr6   ( -1,   0,   0)  0.6076   (-3.934, -0.285,  6.020)  7.197 
   Cr4   Cr5   ( -1,   0,   0)  0.6193   (-3.934,  0.285, -6.020)  7.197 
   Cr5   Cr4   (  0,  -1,   0)  0.6334   (-3.934, -0.285,  6.020)  7.197 
   Cr6   Cr3   (  0,  -1,   0)  0.6249   (-3.934,  0.285, -6.020)  7.197 
   Cr4   Cr5   (  0,   1,   0)  0.6334   ( 3.934,  0.285, -6.020)  7.197 
   Cr5   Cr4   (  1,   0,   0)  0.6193   ( 3.934, -0.285,  6.020)  7.197 
   Cr6   Cr3   (  1,   0,   0)  0.6076   ( 3.934,  0.285, -6.020)  7.197 
   Cr3   Cr6   (  0,   1,   0)  0.6249   ( 3.934, -0.285,  6.020)  7.197 
   Cr7   Cr4   (  1,   0,  -1)  0.0903   ( 1.967, -3.407, -6.170)  7.317 
   Cr1   Cr6   ( -1,   0,  -1)  0.1237   (-1.967,  3.407, -6.170)  7.317 
   Cr4   Cr7   ( -1,   0,   1)  0.0903   (-1.967,  3.407,  6.170)  7.317 
   Cr6   Cr1   (  1,   0,   1)  0.1237   ( 1.967, -3.407,  6.170)  7.317 
   Cr1   Cr4   (  0,  -1,  -1)  0.0969   (-1.967, -3.407, -6.170)  7.317 
   Cr5   Cr8   (  0,  -1,  -1)  0.1005   (-1.967, -3.407, -6.170)  7.317 
   Cr5   Cr2   (  1,   0,  -1)  0.0892   ( 1.967, -3.407, -6.170)  7.317 
   Cr3   Cr8   ( -1,   0,  -1)  0.1263   (-1.967,  3.407, -6.170)  7.317 
   Cr3   Cr2   (  0,   1,  -1)  0.1320   ( 1.967,  3.407, -6.170)  7.317 
   Cr7   Cr6   (  0,   1,  -1)  0.1154   ( 1.967,  3.407, -6.170)  7.317 
   Cr2   Cr5   ( -1,   0,   1)  0.0892   (-1.967,  3.407,  6.170)  7.317 
   Cr4   Cr1   (  0,   1,   1)  0.0969   ( 1.967,  3.407,  6.170)  7.317 
   Cr8   Cr5   (  0,   1,   1)  0.1005   ( 1.967,  3.407,  6.170)  7.317 
   Cr2   Cr3   (  0,  -1,   1)  0.1320   (-1.967, -3.407,  6.170)  7.317 
   Cr6   Cr7   (  0,  -1,   1)  0.1154   (-1.967, -3.407,  6.170)  7.317 
   Cr8   Cr3   (  1,   0,   1)  0.1263   ( 1.967, -3.407,  6.170)  7.317 
   Cr9   Cr11  ( -1,   0,   0)  0.9031   (-1.967,  3.407,  6.170)  7.317 
   Cr10  Cr12  ( -1,   0,   0)  0.7402   (-1.967,  3.407, -6.170)  7.317 
   Cr9   Cr10  (  0,  -1,   0)  0.7622   (-1.967, -3.407,  6.170)  7.317 
   Cr11  Cr12  (  0,  -1,   0)  0.9198   (-1.967, -3.407, -6.170)  7.317 
   Cr9   Cr10  (  0,   0,   0)  0.8728   ( 1.967,  3.407,  6.170)  7.317 
   Cr9   Cr11  (  0,   0,   0)  0.6542   ( 1.967, -3.407,  6.170)  7.317 
   Cr10  Cr9   (  0,   0,   0)  0.8728   (-1.967, -3.407, -6.170)  7.317 
   Cr10  Cr12  (  0,   0,   0)  0.9091   ( 1.967, -3.407, -6.170)  7.317 
   Cr11  Cr9   (  0,   0,   0)  0.6542   (-1.967,  3.407, -6.170)  7.317 
   Cr11  Cr12  (  0,   0,   0)  0.6868   ( 1.967,  3.407, -6.170)  7.317 
   Cr12  Cr10  (  0,   0,   0)  0.9091   (-1.967,  3.407,  6.170)  7.317 
   Cr12  Cr11  (  0,   0,   0)  0.6868   (-1.967, -3.407,  6.170)  7.317 
   Cr10  Cr9   (  0,   1,   0)  0.7622   ( 1.967,  3.407, -6.170)  7.317 
   Cr12  Cr11  (  0,   1,   0)  0.9198   ( 1.967,  3.407,  6.170)  7.317 
   Cr11  Cr9   (  1,   0,   0)  0.9031   ( 1.967, -3.407, -6.170)  7.317 
   Cr12  Cr10  (  1,   0,   0)  0.7402   ( 1.967, -3.407,  6.170)  7.317 
   Cr1   Cr4   (  0,   0,  -1)  0.1036   ( 1.967,  3.407, -6.170)  7.317 
   Cr1   Cr6   (  0,   0,  -1)  0.1103   ( 1.967, -3.407, -6.170)  7.317 
   Cr3   Cr8   (  0,   0,  -1)  0.1095   ( 1.967, -3.407, -6.170)  7.317 
   Cr5   Cr2   (  0,   0,  -1)  0.1060   (-1.967,  3.407, -6.170)  7.317 
   Cr7   Cr4   (  0,   0,  -1)  0.1304   (-1.967,  3.407, -6.170)  7.317 
   Cr7   Cr6   (  0,   0,  -1)  0.1102   (-1.967, -3.407, -6.170)  7.317 
   Cr2   Cr5   (  0,   0,   1)  0.1060   ( 1.967, -3.407,  6.170)  7.317 
   Cr4   Cr1   (  0,   0,   1)  0.1036   (-1.967, -3.407,  6.170)  7.317 
   Cr4   Cr7   (  0,   0,   1)  0.1304   ( 1.967, -3.407,  6.170)  7.317 
   Cr6   Cr1   (  0,   0,   1)  0.1103   (-1.967,  3.407,  6.170)  7.317 
   Cr6   Cr7   (  0,   0,   1)  0.1102   ( 1.967,  3.407,  6.170)  7.317 
   Cr8   Cr3   (  0,   0,   1)  0.1095   (-1.967,  3.407,  6.170)  7.317 
   Cr1   Cr6   ( -1,   0,   0)  0.1029   (-1.967,  3.407,  6.170)  7.317 
   Cr2   Cr5   ( -1,   0,   0)  0.1194   (-1.967,  3.407, -6.170)  7.317 
   Cr3   Cr8   ( -1,   0,   0)  0.0888   (-1.967,  3.407,  6.170)  7.317 
   Cr4   Cr7   ( -1,   0,   0)  0.1076   (-1.967,  3.407, -6.170)  7.317 
   Cr2   Cr3   (  0,  -1,   0)  0.0912   (-1.967, -3.407, -6.170)  7.317 
   Cr5   Cr8   (  0,  -1,   0)  0.1297   (-1.967, -3.407,  6.170)  7.317 
   Cr3   Cr2   (  0,   1,   0)  0.0912   ( 1.967,  3.407,  6.170)  7.317 
   Cr8   Cr5   (  0,   1,   0)  0.1297   ( 1.967,  3.407, -6.170)  7.317 
   Cr5   Cr2   (  1,   0,   0)  0.1194   ( 1.967, -3.407,  6.170)  7.317 
   Cr6   Cr1   (  1,   0,   0)  0.1029   ( 1.967, -3.407, -6.170)  7.317 
   Cr7   Cr4   (  1,   0,   0)  0.1076   ( 1.967, -3.407,  6.170)  7.317 
   Cr8   Cr3   (  1,   0,   0)  0.0888   ( 1.967, -3.407, -6.170)  7.317 
   Cr3   Cr2   (  0,   0,  -1)  0.0986   (-1.967, -3.407, -6.170)  7.317 
   Cr5   Cr8   (  0,   0,  -1)  0.1073   ( 1.967,  3.407, -6.170)  7.317 
   Cr2   Cr3   (  0,   0,   1)  0.0986   ( 1.967,  3.407,  6.170)  7.317 
   Cr8   Cr5   (  0,   0,   1)  0.1073   (-1.967, -3.407,  6.170)  7.317 
   Cr1   Cr4   (  0,  -1,   0)  0.0996   (-1.967, -3.407,  6.170)  7.317 
   Cr6   Cr7   (  0,  -1,   0)  0.1016   (-1.967, -3.407, -6.170)  7.317 
   Cr4   Cr1   (  0,   1,   0)  0.0996   ( 1.967,  3.407, -6.170)  7.317 
   Cr7   Cr6   (  0,   1,   0)  0.1016   ( 1.967,  3.407,  6.170)  7.317 
   Cr9   Cr10  (  0,  -1,  -1)  0.9324   (-1.967, -3.407, -6.170)  7.317 
   Cr9   Cr10  (  0,   0,  -1)  0.7105   ( 1.967,  3.407, -6.170)  7.317 
   Cr9   Cr11  (  0,   0,  -1)  0.9113   ( 1.967, -3.407, -6.170)  7.317 
   Cr12  Cr10  (  0,   0,  -1)  0.6548   (-1.967,  3.407, -6.170)  7.317 
   Cr12  Cr11  (  0,   0,  -1)  0.8960   (-1.967, -3.407, -6.170)  7.317 
   Cr12  Cr10  (  1,   0,  -1)  0.9231   ( 1.967, -3.407, -6.170)  7.317 
   Cr9   Cr11  ( -1,   0,  -1)  0.6641   (-1.967,  3.407, -6.170)  7.317 
   Cr12  Cr11  (  0,   1,  -1)  0.7398   ( 1.967,  3.407, -6.170)  7.317 
   Cr1   Cr4   (  0,   0,   0)  0.1126   ( 1.967,  3.407,  6.170)  7.317 
   Cr1   Cr6   (  0,   0,   0)  0.1163   ( 1.967, -3.407,  6.170)  7.317 
   Cr2   Cr3   (  0,   0,   0)  0.1133   ( 1.967,  3.407, -6.170)  7.317 
   Cr2   Cr5   (  0,   0,   0)  0.0830   ( 1.967, -3.407, -6.170)  7.317 
   Cr3   Cr2   (  0,   0,   0)  0.1133   (-1.967, -3.407,  6.170)  7.317 
   Cr3   Cr8   (  0,   0,   0)  0.1205   ( 1.967, -3.407,  6.170)  7.317 
   Cr4   Cr1   (  0,   0,   0)  0.1126   (-1.967, -3.407, -6.170)  7.317 
   Cr4   Cr7   (  0,   0,   0)  0.0967   ( 1.967, -3.407, -6.170)  7.317 
   Cr5   Cr2   (  0,   0,   0)  0.0830   (-1.967,  3.407,  6.170)  7.317 
   Cr5   Cr8   (  0,   0,   0)  0.0855   ( 1.967,  3.407,  6.170)  7.317 
   Cr6   Cr1   (  0,   0,   0)  0.1163   (-1.967,  3.407, -6.170)  7.317 
   Cr6   Cr7   (  0,   0,   0)  0.1242   ( 1.967,  3.407, -6.170)  7.317 
   Cr7   Cr4   (  0,   0,   0)  0.0967   (-1.967,  3.407,  6.170)  7.317 
   Cr7   Cr6   (  0,   0,   0)  0.1242   (-1.967, -3.407,  6.170)  7.317 
   Cr8   Cr3   (  0,   0,   0)  0.1205   (-1.967,  3.407, -6.170)  7.317 
   Cr8   Cr5   (  0,   0,   0)  0.0855   (-1.967, -3.407, -6.170)  7.317 
   Cr10  Cr12  ( -1,   0,   1)  0.9231   (-1.967,  3.407,  6.170)  7.317 
   Cr10  Cr9   (  0,   0,   1)  0.7105   (-1.967, -3.407,  6.170)  7.317 
   Cr10  Cr12  (  0,   0,   1)  0.6548   ( 1.967, -3.407,  6.170)  7.317 
   Cr11  Cr9   (  0,   0,   1)  0.9113   (-1.967,  3.407,  6.170)  7.317 
   Cr11  Cr12  (  0,   0,   1)  0.8960   ( 1.967,  3.407,  6.170)  7.317 
   Cr10  Cr9   (  0,   1,   1)  0.9324   ( 1.967,  3.407,  6.170)  7.317 
   Cr11  Cr12  (  0,  -1,   1)  0.7398   (-1.967, -3.407,  6.170)  7.317 
   Cr11  Cr9   (  1,   0,   1)  0.6641   ( 1.967, -3.407,  6.170)  7.317 
   Cr10  Cr6   ( -1,   1,   0)  0.9738   ( 0.000,  6.671, -3.160)  7.382 
   Cr6   Cr10  (  1,  -1,   0)  0.9738   (-0.000, -6.671,  3.160)  7.382 
   Cr9   Cr7   ( -1,   0,   0)  0.9976   ( 0.000,  6.671, -3.160)  7.382 
   Cr7   Cr9   (  1,   0,   0)  0.9976   (-0.000, -6.671,  3.160)  7.382 
   Cr11  Cr3   (  1,  -1,   1)  0.9731   ( 0.000, -6.671,  3.160)  7.382 
   Cr2   Cr12  ( -1,   0,   0)  0.9952   ( 0.000,  6.671, -3.160)  7.382 
   Cr1   Cr12  (  0,  -1,   0)  0.9921   (-0.000, -6.671,  3.160)  7.382 
   Cr9   Cr8   (  0,  -1,   0)  0.9810   ( 0.000, -6.671,  3.160)  7.382 
   Cr4   Cr11  (  0,   0,   0)  0.9923   (-0.000, -6.671,  3.160)  7.382 
   Cr11  Cr4   (  0,   0,   0)  0.9923   ( 0.000,  6.671, -3.160)  7.382 
   Cr8   Cr9   (  0,   1,   0)  0.9810   (-0.000,  6.671, -3.160)  7.382 
   Cr12  Cr1   (  0,   1,   0)  0.9921   ( 0.000,  6.671, -3.160)  7.382 
   Cr12  Cr2   (  1,   0,   0)  0.9952   ( 0.000, -6.671,  3.160)  7.382 
   Cr3   Cr11  ( -1,   1,  -1)  0.9731   (-0.000,  6.671, -3.160)  7.382 
   Cr5   Cr10  (  0,   0,  -1)  0.9942   (-0.000,  6.671, -3.160)  7.382 
   Cr10  Cr5   (  0,   0,   1)  0.9942   ( 0.000, -6.671,  3.160)  7.382 
   Cr2   Cr10  ( -1,  -1,   0)  0.5385   (-5.901,  3.264,  3.010)  7.385 
   Cr10  Cr8   ( -1,  -1,   0)  0.5644   (-5.901, -3.264, -3.010)  7.385 
   Cr11  Cr2   (  0,  -1,   0)  0.5391   (-5.901, -3.264, -3.010)  7.385 
   Cr2   Cr11  (  0,   1,   0)  0.5391   ( 5.901,  3.264,  3.010)  7.385 
   Cr8   Cr10  (  1,   1,   0)  0.5644   ( 5.901,  3.264,  3.010)  7.385 
   Cr10  Cr2   (  1,   1,   0)  0.5385   ( 5.901, -3.264, -3.010)  7.385 
   Cr12  Cr3   (  0,  -1,   0)  0.5676   (-5.901, -3.264, -3.010)  7.385 
   Cr3   Cr12  (  0,   1,   0)  0.5676   ( 5.901,  3.264,  3.010)  7.385 
   Cr9   Cr5   ( -1,  -1,   0)  0.5538   (-5.901, -3.264, -3.010)  7.385 
   Cr3   Cr9   ( -1,   0,   0)  0.5461   (-5.901,  3.264,  3.010)  7.385 
   Cr12  Cr6   ( -1,   0,   0)  0.5793   (-5.901,  3.264,  3.010)  7.385 
   Cr6   Cr12  (  1,   0,   0)  0.5793   ( 5.901, -3.264, -3.010)  7.385 
   Cr9   Cr3   (  1,   0,   0)  0.5461   ( 5.901, -3.264, -3.010)  7.385 
   Cr5   Cr9   (  1,   1,   0)  0.5538   ( 5.901,  3.264,  3.010)  7.385 
   Cr1   Cr11  ( -1,  -1,  -1)  0.5538   (-5.901, -3.264, -3.010)  7.385 
   Cr1   Cr10  (  1,   0,  -1)  0.5638   ( 5.901, -3.264, -3.010)  7.385 
   Cr7   Cr11  (  1,   1,  -1)  0.5520   ( 5.901, -3.264, -3.010)  7.385 
   Cr11  Cr7   ( -1,  -1,   1)  0.5520   (-5.901,  3.264,  3.010)  7.385 
   Cr10  Cr1   ( -1,   0,   1)  0.5638   (-5.901,  3.264,  3.010)  7.385 
   Cr11  Cr1   (  1,   1,   1)  0.5538   ( 5.901,  3.264,  3.010)  7.385 
   Cr5   Cr12  ( -1,  -1,   0)  0.5674   (-5.901,  3.264,  3.010)  7.385 
   Cr9   Cr4   ( -1,  -1,   0)  0.5479   (-5.901,  3.264,  3.010)  7.385 
   Cr8   Cr11  ( -1,   0,   0)  0.5596   (-5.901,  3.264,  3.010)  7.385 
   Cr11  Cr8   (  1,   0,   0)  0.5596   ( 5.901, -3.264, -3.010)  7.385 
   Cr4   Cr9   (  1,   1,   0)  0.5479   ( 5.901, -3.264, -3.010)  7.385 
   Cr12  Cr5   (  1,   1,   0)  0.5674   ( 5.901, -3.264, -3.010)  7.385 
   Cr4   Cr12  ( -1,  -1,   0)  0.5551   (-5.901, -3.264, -3.010)  7.385 
   Cr6   Cr9   (  0,  -1,   0)  0.5718   (-5.901, -3.264, -3.010)  7.385 
   Cr9   Cr6   (  0,   1,   0)  0.5718   ( 5.901,  3.264,  3.010)  7.385 
   Cr12  Cr4   (  1,   1,   0)  0.5551   ( 5.901,  3.264,  3.010)  7.385 
   Cr7   Cr10  (  0,  -1,  -1)  0.5633   (-5.901, -3.264, -3.010)  7.385 
   Cr10  Cr7   (  0,   1,   1)  0.5633   ( 5.901,  3.264,  3.010)  7.385 
   Cr5   Cr4   (  0,  -1,  -1)  0.1746   (-3.934, -0.285, -6.320)  7.450 
   Cr5   Cr4   (  1,   0,  -1)  0.1791   ( 3.934, -0.285, -6.320)  7.450 
   Cr4   Cr5   ( -1,   0,   1)  0.1791   (-3.934,  0.285,  6.320)  7.450 
   Cr4   Cr5   (  0,   1,   1)  0.1746   ( 3.934,  0.285,  6.320)  7.450 
   Cr6   Cr3   (  1,   0,   1)  0.1893   ( 3.934,  0.285,  6.320)  7.450 
   Cr3   Cr6   ( -1,   0,  -1)  0.1893   (-3.934, -0.285, -6.320)  7.450 
   Cr3   Cr6   (  0,   1,  -1)  0.1755   ( 3.934, -0.285, -6.320)  7.450 
   Cr6   Cr3   (  0,  -1,   1)  0.1755   (-3.934,  0.285,  6.320)  7.450 
   Cr1   Cr8   ( -1,  -1,   0)  0.1776   (-3.934,  0.285,  6.320)  7.450 
   Cr2   Cr7   ( -1,  -1,   0)  0.1773   (-3.934, -0.285, -6.320)  7.450 
   Cr7   Cr2   (  1,   1,   0)  0.1773   ( 3.934,  0.285,  6.320)  7.450 
   Cr8   Cr1   (  1,   1,   0)  0.1776   ( 3.934, -0.285, -6.320)  7.450 
   Cr1   Cr8   (  0,   0,   0)  0.1856   ( 3.934,  0.285,  6.320)  7.450 
   Cr2   Cr7   (  0,   0,   0)  0.1838   ( 3.934, -0.285, -6.320)  7.450 
   Cr7   Cr2   (  0,   0,   0)  0.1838   (-3.934,  0.285,  6.320)  7.450 
   Cr8   Cr1   (  0,   0,   0)  0.1856   (-3.934, -0.285, -6.320)  7.450 
   Cr2   Cr11  ( -1,  -1,   0)  0.7908   (-5.901, -3.550,  3.010)  7.515 
   Cr11  Cr8   ( -1,  -1,   0)  0.7926   (-5.901,  3.550, -3.010)  7.515 
   Cr10  Cr2   ( -1,   0,   0)  0.7725   (-5.901,  3.550, -3.010)  7.515 
   Cr12  Cr5   ( -1,   0,   0)  0.7597   (-5.901,  3.550, -3.010)  7.515 
   Cr2   Cr10  (  1,   0,   0)  0.7725   ( 5.901, -3.550,  3.010)  7.515 
   Cr5   Cr12  (  1,   0,   0)  0.7597   ( 5.901, -3.550,  3.010)  7.515 
   Cr8   Cr11  (  1,   1,   0)  0.7926   ( 5.901, -3.550,  3.010)  7.515 
   Cr11  Cr2   (  1,   1,   0)  0.7908   ( 5.901,  3.550, -3.010)  7.515 
   Cr9   Cr3   ( -1,  -1,   0)  0.7795   (-5.901,  3.550, -3.010)  7.515 
   Cr5   Cr9   (  0,  -1,   0)  0.7707   (-5.901, -3.550,  3.010)  7.515 
   Cr12  Cr4   (  0,  -1,   0)  0.7903   (-5.901, -3.550,  3.010)  7.515 
   Cr4   Cr12  (  0,   1,   0)  0.7903   ( 5.901,  3.550, -3.010)  7.515 
   Cr9   Cr5   (  0,   1,   0)  0.7707   ( 5.901,  3.550, -3.010)  7.515 
   Cr10  Cr8   (  0,   1,   0)  0.7871   ( 5.901,  3.550, -3.010)  7.515 
   Cr3   Cr9   (  1,   1,   0)  0.7795   ( 5.901, -3.550,  3.010)  7.515 
   Cr1   Cr10  ( -1,  -1,  -1)  0.7950   (-5.901,  3.550, -3.010)  7.515 
   Cr7   Cr10  (  1,   1,  -1)  0.7834   ( 5.901,  3.550, -3.010)  7.515 
   Cr1   Cr11  (  0,   1,  -1)  0.7816   ( 5.901,  3.550, -3.010)  7.515 
   Cr10  Cr7   ( -1,  -1,   1)  0.7834   (-5.901, -3.550,  3.010)  7.515 
   Cr10  Cr1   (  1,   1,   1)  0.7950   ( 5.901, -3.550,  3.010)  7.515 
   Cr11  Cr1   (  0,  -1,   1)  0.7816   (-5.901, -3.550,  3.010)  7.515 
   Cr3   Cr12  ( -1,  -1,   0)  0.7737   (-5.901, -3.550,  3.010)  7.515 
   Cr9   Cr6   ( -1,  -1,   0)  0.7805   (-5.901, -3.550,  3.010)  7.515 
   Cr4   Cr9   ( -1,   0,   0)  0.7698   (-5.901,  3.550, -3.010)  7.515 
   Cr8   Cr10  (  0,  -1,   0)  0.7871   (-5.901, -3.550,  3.010)  7.515 
   Cr9   Cr4   (  1,   0,   0)  0.7698   ( 5.901, -3.550,  3.010)  7.515 
   Cr6   Cr9   (  1,   1,   0)  0.7805   ( 5.901,  3.550, -3.010)  7.515 
   Cr12  Cr3   (  1,   1,   0)  0.7737   ( 5.901,  3.550, -3.010)  7.515 
   Cr6   Cr12  ( -1,  -1,   0)  0.7879   (-5.901,  3.550, -3.010)  7.515 
   Cr12  Cr6   (  1,   1,   0)  0.7879   ( 5.901, -3.550,  3.010)  7.515 
   Cr7   Cr11  ( -1,   0,  -1)  0.7582   (-5.901,  3.550, -3.010)  7.515 
   Cr11  Cr7   (  1,   0,   1)  0.7582   ( 5.901, -3.550,  3.010)  7.515 
   Cr4   Cr11  ( -1,   1,   0)  0.8435   (-0.000,  6.956,  3.160)  7.640 
   Cr11  Cr4   (  1,  -1,   0)  0.8435   ( 0.000, -6.956, -3.160)  7.640 
   Cr1   Cr12  ( -1,   0,   0)  0.8254   (-0.000,  6.956,  3.160)  7.640 
   Cr9   Cr8   ( -1,   0,   0)  0.8227   ( 0.000,  6.956,  3.160)  7.640 
   Cr2   Cr12  (  0,  -1,   0)  0.8327   ( 0.000, -6.956, -3.160)  7.640 
   Cr6   Cr10  (  0,   0,   0)  0.8314   (-0.000,  6.956,  3.160)  7.640 
   Cr10  Cr6   (  0,   0,   0)  0.8314   ( 0.000, -6.956, -3.160)  7.640 
   Cr12  Cr2   (  0,   1,   0)  0.8327   ( 0.000,  6.956,  3.160)  7.640 
   Cr8   Cr9   (  1,   0,   0)  0.8227   (-0.000, -6.956, -3.160)  7.640 
   Cr12  Cr1   (  1,   0,   0)  0.8254   ( 0.000, -6.956, -3.160)  7.640 
   Cr10  Cr5   ( -1,   1,   1)  0.8447   ( 0.000,  6.956,  3.160)  7.640 
   Cr5   Cr10  (  1,  -1,  -1)  0.8447   (-0.000, -6.956, -3.160)  7.640 
   Cr9   Cr7   (  0,  -1,   0)  0.8475   ( 0.000, -6.956, -3.160)  7.640 
   Cr7   Cr9   (  0,   1,   0)  0.8475   (-0.000,  6.956,  3.160)  7.640 
   Cr3   Cr11  (  0,   0,  -1)  0.8254   (-0.000, -6.956, -3.160)  7.640 
   Cr11  Cr3   (  0,   0,   1)  0.8254   ( 0.000,  6.956,  3.160)  7.640 
   Cr12  Cr12  (  1,   1,   0)  0.7433   ( 7.868,  0.000,  0.000)  7.868 
   Cr1   Cr1   ( -1,  -1,   0)  0.0850   (-7.868,  0.000,  0.000)  7.868 
   Cr2   Cr2   ( -1,  -1,   0)  0.0742   (-7.868,  0.000,  0.000)  7.868 
   Cr3   Cr3   ( -1,  -1,   0)  0.1083   (-7.868,  0.000,  0.000)  7.868 
   Cr4   Cr4   ( -1,  -1,   0)  0.0998   (-7.868,  0.000,  0.000)  7.868 
   Cr5   Cr5   ( -1,  -1,   0)  0.0916   (-7.868,  0.000,  0.000)  7.868 
   Cr6   Cr6   ( -1,  -1,   0)  0.1202   (-7.868,  0.000,  0.000)  7.868 
   Cr7   Cr7   ( -1,  -1,   0)  0.0549   (-7.868,  0.000,  0.000)  7.868 
   Cr8   Cr8   ( -1,  -1,   0)  0.0730   (-7.868,  0.000,  0.000)  7.868 
   Cr9   Cr9   ( -1,  -1,   0)  0.7415   (-7.868,  0.000,  0.000)  7.868 
   Cr10  Cr10  ( -1,  -1,   0)  0.7466   (-7.868,  0.000,  0.000)  7.868 
   Cr11  Cr11  ( -1,  -1,   0)  0.7539   (-7.868,  0.000,  0.000)  7.868 
   Cr12  Cr12  ( -1,  -1,   0)  0.7433   (-7.868,  0.000,  0.000)  7.868 
   Cr1   Cr1   (  1,   1,   0)  0.0850   ( 7.868,  0.000,  0.000)  7.868 
   Cr2   Cr2   (  1,   1,   0)  0.0742   ( 7.868,  0.000,  0.000)  7.868 
   Cr3   Cr3   (  1,   1,   0)  0.1083   ( 7.868,  0.000,  0.000)  7.868 
   Cr4   Cr4   (  1,   1,   0)  0.0998   ( 7.868,  0.000,  0.000)  7.868 
   Cr5   Cr5   (  1,   1,   0)  0.0916   ( 7.868,  0.000,  0.000)  7.868 
   Cr6   Cr6   (  1,   1,   0)  0.1202   ( 7.868,  0.000,  0.000)  7.868 
   Cr7   Cr7   (  1,   1,   0)  0.0549   ( 7.868,  0.000,  0.000)  7.868 
   Cr8   Cr8   (  1,   1,   0)  0.0730   ( 7.868,  0.000,  0.000)  7.868 
   Cr9   Cr9   (  1,   1,   0)  0.7415   ( 7.868,  0.000,  0.000)  7.868 
   Cr10  Cr10  (  1,   1,   0)  0.7466   ( 7.868,  0.000,  0.000)  7.868 
   Cr11  Cr11  (  1,   1,   0)  0.7539   ( 7.868,  0.000,  0.000)  7.868 
   Cr1   Cr1   ( -1,   0,   0)  0.4310   (-3.934,  6.814,  0.000)  7.868 
   Cr2   Cr2   ( -1,   0,   0)  0.4241   (-3.934,  6.814,  0.000)  7.868 
   Cr3   Cr3   ( -1,   0,   0)  0.4277   (-3.934,  6.814,  0.000)  7.868 
   Cr5   Cr5   ( -1,   0,   0)  0.4536   (-3.934,  6.814,  0.000)  7.868 
   Cr6   Cr6   ( -1,   0,   0)  0.4464   (-3.934,  6.814,  0.000)  7.868 
   Cr7   Cr7   ( -1,   0,   0)  0.4305   (-3.934,  6.814,  0.000)  7.868 
   Cr8   Cr8   ( -1,   0,   0)  0.4285   (-3.934,  6.814,  0.000)  7.868 
   Cr9   Cr9   ( -1,   0,   0)  0.2741   (-3.934,  6.814,  0.000)  7.868 
   Cr11  Cr11  ( -1,   0,   0)  0.2573   (-3.934,  6.814,  0.000)  7.868 
   Cr12  Cr12  ( -1,   0,   0)  0.2258   (-3.934,  6.814,  0.000)  7.868 
   Cr1   Cr1   (  0,  -1,   0)  0.4218   (-3.934, -6.814,  0.000)  7.868 
   Cr2   Cr2   (  0,  -1,   0)  0.4140   (-3.934, -6.814,  0.000)  7.868 
   Cr3   Cr3   (  0,  -1,   0)  0.4476   (-3.934, -6.814,  0.000)  7.868 
   Cr4   Cr4   (  0,  -1,   0)  0.4444   (-3.934, -6.814,  0.000)  7.868 
   Cr6   Cr6   (  0,  -1,   0)  0.4306   (-3.934, -6.814,  0.000)  7.868 
   Cr7   Cr7   (  0,  -1,   0)  0.4274   (-3.934, -6.814,  0.000)  7.868 
   Cr8   Cr8   (  0,  -1,   0)  0.4287   (-3.934, -6.814,  0.000)  7.868 
   Cr9   Cr9   (  0,  -1,   0)  0.2475   (-3.934, -6.814,  0.000)  7.868 
   Cr10  Cr10  (  0,  -1,   0)  0.2518   (-3.934, -6.814,  0.000)  7.868 
   Cr12  Cr12  (  0,  -1,   0)  0.2558   (-3.934, -6.814,  0.000)  7.868 
   Cr1   Cr1   (  0,   1,   0)  0.4218   ( 3.934,  6.814,  0.000)  7.868 
   Cr2   Cr2   (  0,   1,   0)  0.4140   ( 3.934,  6.814,  0.000)  7.868 
   Cr3   Cr3   (  0,   1,   0)  0.4476   ( 3.934,  6.814,  0.000)  7.868 
   Cr5   Cr5   (  0,   1,   0)  0.4387   ( 3.934,  6.814,  0.000)  7.868 
   Cr9   Cr9   (  0,   1,   0)  0.2475   ( 3.934,  6.814,  0.000)  7.868 
   Cr11  Cr11  (  0,   1,   0)  0.2609   ( 3.934,  6.814,  0.000)  7.868 
   Cr12  Cr12  (  0,   1,   0)  0.2558   ( 3.934,  6.814,  0.000)  7.868 
   Cr1   Cr1   (  1,   0,   0)  0.4310   ( 3.934, -6.814,  0.000)  7.868 
   Cr2   Cr2   (  1,   0,   0)  0.4241   ( 3.934, -6.814,  0.000)  7.868 
   Cr3   Cr3   (  1,   0,   0)  0.4277   ( 3.934, -6.814,  0.000)  7.868 
   Cr4   Cr4   (  1,   0,   0)  0.4233   ( 3.934, -6.814,  0.000)  7.868 
   Cr9   Cr9   (  1,   0,   0)  0.2741   ( 3.934, -6.814,  0.000)  7.868 
   Cr10  Cr10  (  1,   0,   0)  0.2676   ( 3.934, -6.814,  0.000)  7.868 
   Cr12  Cr12  (  1,   0,   0)  0.2258   ( 3.934, -6.814,  0.000)  7.868 
   Cr4   Cr4   ( -1,   0,   0)  0.4233   (-3.934,  6.814,  0.000)  7.868 
   Cr10  Cr10  ( -1,   0,   0)  0.2676   (-3.934,  6.814,  0.000)  7.868 
   Cr5   Cr5   (  0,  -1,   0)  0.4387   (-3.934, -6.814,  0.000)  7.868 
   Cr11  Cr11  (  0,  -1,   0)  0.2609   (-3.934, -6.814,  0.000)  7.868 
   Cr4   Cr4   (  0,   1,   0)  0.4444   ( 3.934,  6.814,  0.000)  7.868 
   Cr6   Cr6   (  0,   1,   0)  0.4306   ( 3.934,  6.814,  0.000)  7.868 
   Cr7   Cr7   (  0,   1,   0)  0.4274   ( 3.934,  6.814,  0.000)  7.868 
   Cr8   Cr8   (  0,   1,   0)  0.4287   ( 3.934,  6.814,  0.000)  7.868 
   Cr10  Cr10  (  0,   1,   0)  0.2518   ( 3.934,  6.814,  0.000)  7.868 
   Cr5   Cr5   (  1,   0,   0)  0.4536   ( 3.934, -6.814,  0.000)  7.868 
   Cr6   Cr6   (  1,   0,   0)  0.4464   ( 3.934, -6.814,  0.000)  7.868 
   Cr7   Cr7   (  1,   0,   0)  0.4305   ( 3.934, -6.814,  0.000)  7.868 
   Cr8   Cr8   (  1,   0,   0)  0.4285   ( 3.934, -6.814,  0.000)  7.868 
   Cr11  Cr11  (  1,   0,   0)  0.2573   ( 3.934, -6.814,  0.000)  7.868 
   Cr11  Cr6   ( -1,   0,   0)  0.2653   (-3.934,  6.671, -3.160)  8.365 
   Cr6   Cr11  (  1,   0,   0)  0.2653   ( 3.934, -6.671,  3.160)  8.365 
   Cr12  Cr7   ( -1,   0,   0)  0.2413   (-3.934,  6.671, -3.160)  8.365 
   Cr6   Cr11  (  0,  -1,   0)  0.2667   (-3.934, -6.671,  3.160)  8.365 
   Cr11  Cr6   (  0,   1,   0)  0.2667   ( 3.934,  6.671, -3.160)  8.365 
   Cr4   Cr10  (  1,   0,   0)  0.2619   ( 3.934, -6.671,  3.160)  8.365 
   Cr7   Cr12  (  1,   0,   0)  0.2413   ( 3.934, -6.671,  3.160)  8.365 
   Cr3   Cr10  (  0,   1,  -1)  0.2777   ( 3.934,  6.671, -3.160)  8.365 
   Cr10  Cr3   (  0,  -1,   1)  0.2777   (-3.934, -6.671,  3.160)  8.365 
   Cr10  Cr3   (  1,   0,   1)  0.2614   ( 3.934, -6.671,  3.160)  8.365 
   Cr2   Cr9   ( -1,   0,   0)  0.2786   (-3.934,  6.671, -3.160)  8.365 
   Cr8   Cr12  ( -1,   0,   0)  0.2556   (-3.934,  6.671, -3.160)  8.365 
   Cr9   Cr1   ( -1,   0,   0)  0.2652   (-3.934,  6.671, -3.160)  8.365 
   Cr10  Cr4   ( -1,   0,   0)  0.2619   (-3.934,  6.671, -3.160)  8.365 
   Cr1   Cr9   (  0,  -1,   0)  0.2646   (-3.934, -6.671,  3.160)  8.365 
   Cr4   Cr10  (  0,  -1,   0)  0.2501   (-3.934, -6.671,  3.160)  8.365 
   Cr7   Cr12  (  0,  -1,   0)  0.2586   (-3.934, -6.671,  3.160)  8.365 
   Cr9   Cr2   (  0,  -1,   0)  0.2641   (-3.934, -6.671,  3.160)  8.365 
   Cr12  Cr8   (  0,  -1,   0)  0.2702   (-3.934, -6.671,  3.160)  8.365 
   Cr2   Cr9   (  0,   1,   0)  0.2641   ( 3.934,  6.671, -3.160)  8.365 
   Cr8   Cr12  (  0,   1,   0)  0.2702   ( 3.934,  6.671, -3.160)  8.365 
   Cr9   Cr1   (  0,   1,   0)  0.2646   ( 3.934,  6.671, -3.160)  8.365 
   Cr10  Cr4   (  0,   1,   0)  0.2501   ( 3.934,  6.671, -3.160)  8.365 
   Cr12  Cr7   (  0,   1,   0)  0.2586   ( 3.934,  6.671, -3.160)  8.365 
   Cr1   Cr9   (  1,   0,   0)  0.2652   ( 3.934, -6.671,  3.160)  8.365 
   Cr9   Cr2   (  1,   0,   0)  0.2786   ( 3.934, -6.671,  3.160)  8.365 
   Cr12  Cr8   (  1,   0,   0)  0.2556   ( 3.934, -6.671,  3.160)  8.365 
   Cr3   Cr10  ( -1,   0,  -1)  0.2614   (-3.934,  6.671, -3.160)  8.365 
   Cr5   Cr11  (  0,   1,  -1)  0.2545   ( 3.934,  6.671, -3.160)  8.365 
   Cr5   Cr11  ( -1,   0,  -1)  0.2494   (-3.934,  6.671, -3.160)  8.365 
   Cr11  Cr5   (  0,  -1,   1)  0.2545   (-3.934, -6.671,  3.160)  8.365 
   Cr11  Cr5   (  1,   0,   1)  0.2494   ( 3.934, -6.671,  3.160)  8.365 
   Cr12  Cr7   ( -1,  -1,   0) -0.1350   (-7.868, -0.143, -3.160)  8.480 
   Cr12  Cr8   ( -1,  -1,   0) -0.1314   (-7.868,  0.143,  3.160)  8.480 
   Cr7   Cr12  (  1,   1,   0) -0.1350   ( 7.868,  0.143,  3.160)  8.480 
   Cr8   Cr12  (  1,   1,   0) -0.1314   ( 7.868, -0.143, -3.160)  8.480 
   Cr1   Cr9   ( -1,  -1,   0) -0.1372   (-7.868,  0.143,  3.160)  8.480 
   Cr2   Cr9   ( -1,  -1,   0) -0.1301   (-7.868, -0.143, -3.160)  8.480 
   Cr4   Cr10  ( -1,  -1,   0) -0.1130   (-7.868,  0.143,  3.160)  8.480 
   Cr6   Cr11  ( -1,  -1,   0) -0.1135   (-7.868,  0.143,  3.160)  8.480 
   Cr9   Cr1   ( -1,  -1,   0) -0.1133   (-7.868, -0.143, -3.160)  8.480 
   Cr9   Cr2   ( -1,  -1,   0) -0.1279   (-7.868,  0.143,  3.160)  8.480 
   Cr10  Cr4   ( -1,  -1,   0) -0.1146   (-7.868, -0.143, -3.160)  8.480 
   Cr11  Cr6   ( -1,  -1,   0) -0.1159   (-7.868, -0.143, -3.160)  8.480 
   Cr1   Cr9   (  1,   1,   0) -0.1133   ( 7.868,  0.143,  3.160)  8.480 
   Cr2   Cr9   (  1,   1,   0) -0.1279   ( 7.868, -0.143, -3.160)  8.480 
   Cr4   Cr10  (  1,   1,   0) -0.1146   ( 7.868,  0.143,  3.160)  8.480 
   Cr6   Cr11  (  1,   1,   0) -0.1159   ( 7.868,  0.143,  3.160)  8.480 
   Cr9   Cr1   (  1,   1,   0) -0.1372   ( 7.868, -0.143, -3.160)  8.480 
   Cr9   Cr2   (  1,   1,   0) -0.1301   ( 7.868,  0.143,  3.160)  8.480 
   Cr10  Cr4   (  1,   1,   0) -0.1130   ( 7.868, -0.143, -3.160)  8.480 
   Cr11  Cr6   (  1,   1,   0) -0.1135   ( 7.868, -0.143, -3.160)  8.480 
   Cr3   Cr10  ( -1,  -1,  -1) -0.1094   (-7.868, -0.143, -3.160)  8.480 
   Cr5   Cr11  ( -1,  -1,  -1) -0.1278   (-7.868, -0.143, -3.160)  8.480 
   Cr3   Cr10  (  1,   1,  -1) -0.1281   ( 7.868, -0.143, -3.160)  8.480 
   Cr5   Cr11  (  1,   1,  -1) -0.1233   ( 7.868, -0.143, -3.160)  8.480 
   Cr10  Cr3   ( -1,  -1,   1) -0.1281   (-7.868,  0.143,  3.160)  8.480 
   Cr11  Cr5   ( -1,  -1,   1) -0.1233   (-7.868,  0.143,  3.160)  8.480 
   Cr10  Cr3   (  1,   1,   1) -0.1094   ( 7.868,  0.143,  3.160)  8.480 
   Cr11  Cr5   (  1,   1,   1) -0.1278   ( 7.868,  0.143,  3.160)  8.480 
   Cr7   Cr12  ( -1,  -1,   0) -0.1188   (-7.868,  0.143,  3.160)  8.480 
   Cr8   Cr12  ( -1,  -1,   0) -0.1315   (-7.868, -0.143, -3.160)  8.480 
   Cr12  Cr7   (  1,   1,   0) -0.1188   ( 7.868, -0.143, -3.160)  8.480 
   Cr12  Cr8   (  1,   1,   0) -0.1315   ( 7.868,  0.143,  3.160)  8.480 
   Cr10  Cr4   (  0,  -1,   0) -0.0353   (-3.934, -6.956, -3.160)  8.594 
   Cr4   Cr10  ( -1,   0,   0) -0.0117   (-3.934,  6.956,  3.160)  8.594 
   Cr12  Cr7   (  0,  -1,   0) -0.0083   (-3.934, -6.956, -3.160)  8.594 
   Cr4   Cr10  (  0,   1,   0) -0.0353   ( 3.934,  6.956,  3.160)  8.594 
   Cr6   Cr11  (  0,   1,   0) -0.0143   ( 3.934,  6.956,  3.160)  8.594 
   Cr7   Cr12  (  0,   1,   0) -0.0083   ( 3.934,  6.956,  3.160)  8.594 
   Cr10  Cr4   (  1,   0,   0) -0.0117   ( 3.934, -6.956, -3.160)  8.594 
   Cr11  Cr5   ( -1,   0,   1) -0.0111   (-3.934,  6.956,  3.160)  8.594 
   Cr1   Cr9   ( -1,   0,   0) -0.0038   (-3.934,  6.956,  3.160)  8.594 
   Cr6   Cr11  ( -1,   0,   0) -0.0343   (-3.934,  6.956,  3.160)  8.594 
   Cr7   Cr12  ( -1,   0,   0) -0.0299   (-3.934,  6.956,  3.160)  8.594 
   Cr9   Cr2   ( -1,   0,   0)  0.0024   (-3.934,  6.956,  3.160)  8.594 
   Cr12  Cr8   ( -1,   0,   0) -0.0414   (-3.934,  6.956,  3.160)  8.594 
   Cr2   Cr9   (  0,  -1,   0) -0.0183   (-3.934, -6.956, -3.160)  8.594 
   Cr8   Cr12  (  0,  -1,   0) -0.0234   (-3.934, -6.956, -3.160)  8.594 
   Cr9   Cr1   (  0,  -1,   0) -0.0197   (-3.934, -6.956, -3.160)  8.594 
   Cr11  Cr6   (  0,  -1,   0) -0.0143   (-3.934, -6.956, -3.160)  8.594 
   Cr1   Cr9   (  0,   1,   0) -0.0197   ( 3.934,  6.956,  3.160)  8.594 
   Cr9   Cr2   (  0,   1,   0) -0.0183   ( 3.934,  6.956,  3.160)  8.594 
   Cr12  Cr8   (  0,   1,   0) -0.0234   ( 3.934,  6.956,  3.160)  8.594 
   Cr2   Cr9   (  1,   0,   0)  0.0024   ( 3.934, -6.956, -3.160)  8.594 
   Cr8   Cr12  (  1,   0,   0) -0.0414   ( 3.934, -6.956, -3.160)  8.594 
   Cr9   Cr1   (  1,   0,   0) -0.0038   ( 3.934, -6.956, -3.160)  8.594 
   Cr11  Cr6   (  1,   0,   0) -0.0343   ( 3.934, -6.956, -3.160)  8.594 
   Cr12  Cr7   (  1,   0,   0) -0.0299   ( 3.934, -6.956, -3.160)  8.594 
   Cr5   Cr11  (  0,  -1,  -1) -0.0020   (-3.934, -6.956, -3.160)  8.594 
   Cr3   Cr10  (  1,   0,  -1) -0.0417   ( 3.934, -6.956, -3.160)  8.594 
   Cr5   Cr11  (  1,   0,  -1) -0.0111   ( 3.934, -6.956, -3.160)  8.594 
   Cr10  Cr3   ( -1,   0,   1) -0.0417   (-3.934,  6.956,  3.160)  8.594 
   Cr11  Cr5   (  0,   1,   1) -0.0020   ( 3.934,  6.956,  3.160)  8.594 
   Cr3   Cr10  (  0,  -1,  -1) -0.0284   (-3.934, -6.956, -3.160)  8.594 
   Cr10  Cr3   (  0,   1,   1) -0.0284   ( 3.934,  6.956,  3.160)  8.594 
   Cr3   Cr6   ( -1,   1,   0)  0.1400   ( 0.000,  6.529,  6.020)  8.881 
   Cr6   Cr3   (  1,  -1,   0)  0.1400   (-0.000, -6.529, -6.020)  8.881 
   Cr1   Cr8   (  0,  -1,  -1)  0.1406   ( 0.000, -6.529, -6.020)  8.881 
   Cr7   Cr2   (  1,   0,  -1)  0.1335   (-0.000, -6.529, -6.020)  8.881 
   Cr2   Cr7   ( -1,   0,   1)  0.1335   ( 0.000,  6.529,  6.020)  8.881 
   Cr8   Cr1   (  0,   1,   1)  0.1406   (-0.000,  6.529,  6.020)  8.881 
   Cr4   Cr5   (  0,   0,   0)  0.1388   ( 0.000, -6.529, -6.020)  8.881 
   Cr5   Cr4   (  0,   0,   0)  0.1388   ( 0.000,  6.529,  6.020)  8.881 
   Cr3   Cr6   ( -1,   1,  -1) -1.2526   ( 0.000,  6.529, -6.320)  9.086 
   Cr6   Cr3   (  1,  -1,   1) -1.2526   (-0.000, -6.529,  6.320)  9.086 
   Cr2   Cr7   ( -1,   0,   0) -1.2307   ( 0.000,  6.529, -6.320)  9.086 
   Cr1   Cr8   (  0,  -1,   0) -1.2399   ( 0.000, -6.529,  6.320)  9.086 
   Cr8   Cr1   (  0,   1,   0) -1.2399   (-0.000,  6.529, -6.320)  9.086 
   Cr7   Cr2   (  1,   0,   0) -1.2307   (-0.000, -6.529,  6.320)  9.086 
   Cr5   Cr4   (  0,   0,  -1) -1.2230   ( 0.000,  6.529, -6.320)  9.086 
   Cr4   Cr5   (  0,   0,   1) -1.2230   ( 0.000, -6.529,  6.320)  9.086 
   Cr3   Cr10  (  0,   0,   0)  0.0501   (-0.000, -0.143,  9.180)  9.181 
   Cr5   Cr11  (  0,   0,   0)  0.0444   (-0.000, -0.143,  9.180)  9.181 
   Cr10  Cr3   (  0,   0,   0)  0.0501   ( 0.000,  0.143, -9.180)  9.181 
   Cr11  Cr5   (  0,   0,   0)  0.0444   ( 0.000,  0.143, -9.180)  9.181 
   Cr1   Cr9   (  0,   0,  -1)  0.0563   (-0.000,  0.143, -9.180)  9.181 
   Cr7   Cr12  (  0,   0,  -1)  0.0401   (-0.000,  0.143, -9.180)  9.181 
   Cr9   Cr2   (  0,   0,  -1)  0.0456   (-0.000,  0.143, -9.180)  9.181 
   Cr12  Cr8   (  0,   0,  -1)  0.0515   ( 0.000,  0.143, -9.180)  9.181 
   Cr2   Cr9   (  0,   0,   1)  0.0456   ( 0.000, -0.143,  9.180)  9.181 
   Cr8   Cr12  (  0,   0,   1)  0.0515   (-0.000, -0.143,  9.180)  9.181 
   Cr9   Cr1   (  0,   0,   1)  0.0563   ( 0.000, -0.143,  9.180)  9.181 
   Cr10  Cr4   (  0,   0,   1)  0.0494   ( 0.000, -0.143,  9.180)  9.181 
   Cr11  Cr6   (  0,   0,   1)  0.0487   ( 0.000, -0.143,  9.180)  9.181 
   Cr12  Cr7   (  0,   0,   1)  0.0401   ( 0.000, -0.143,  9.180)  9.181 
   Cr4   Cr10  (  0,   0,  -1)  0.0494   (-0.000,  0.143, -9.180)  9.181 
   Cr6   Cr11  (  0,   0,  -1)  0.0487   (-0.000,  0.143, -9.180)  9.181 
   Cr9   Cr10  ( -1,  -1,   0)  0.2074   (-5.901,  3.407,  6.170)  9.192 
   Cr9   Cr11  ( -1,  -1,   0)  3.0968   (-5.901, -3.407,  6.170)  9.192 
   Cr10  Cr12  ( -1,  -1,   0)  0.1895   (-5.901, -3.407, -6.170)  9.192 
   Cr11  Cr12  ( -1,  -1,   0)  3.0876   (-5.901,  3.407, -6.170)  9.192 
   Cr10  Cr9   ( -1,   0,   0)  3.0569   (-5.901,  3.407, -6.170)  9.192 
   Cr12  Cr11  ( -1,   0,   0)  0.1942   (-5.901,  3.407,  6.170)  9.192 
   Cr11  Cr9   (  0,  -1,   0)  0.2064   (-5.901, -3.407, -6.170)  9.192 
   Cr12  Cr10  (  0,  -1,   0)  3.0826   (-5.901, -3.407,  6.170)  9.192 
   Cr9   Cr11  (  0,   1,   0)  0.2064   ( 5.901,  3.407,  6.170)  9.192 
   Cr10  Cr12  (  0,   1,   0)  3.0826   ( 5.901,  3.407, -6.170)  9.192 
   Cr9   Cr10  (  1,   0,   0)  3.0569   ( 5.901, -3.407,  6.170)  9.192 
   Cr11  Cr12  (  1,   0,   0)  0.1942   ( 5.901, -3.407, -6.170)  9.192 
   Cr10  Cr9   (  1,   1,   0)  0.2074   ( 5.901, -3.407, -6.170)  9.192 
   Cr11  Cr9   (  1,   1,   0)  3.0968   ( 5.901,  3.407, -6.170)  9.192 
   Cr1   Cr4   ( -1,  -1,  -1)  0.0116   (-5.901,  3.407, -6.170)  9.192 
   Cr1   Cr6   ( -1,  -1,  -1)  0.5763   (-5.901, -3.407, -6.170)  9.192 
   Cr7   Cr4   (  0,  -1,  -1)  0.5550   (-5.901, -3.407, -6.170)  9.192 
   Cr1   Cr4   (  1,   0,  -1)  0.5528   ( 5.901, -3.407, -6.170)  9.192 
   Cr7   Cr4   (  1,   1,  -1)  0.0093   ( 5.901,  3.407, -6.170)  9.192 
   Cr7   Cr6   (  1,   1,  -1)  0.5486   ( 5.901, -3.407, -6.170)  9.192 
   Cr7   Cr6   ( -1,   0,  -1)  0.0104   (-5.901,  3.407, -6.170)  9.192 
   Cr1   Cr6   (  0,   1,  -1)  0.0108   ( 5.901,  3.407, -6.170)  9.192 
   Cr4   Cr7   ( -1,  -1,   1)  0.0093   (-5.901, -3.407,  6.170)  9.192 
   Cr6   Cr7   ( -1,  -1,   1)  0.5486   (-5.901,  3.407,  6.170)  9.192 
   Cr4   Cr1   ( -1,   0,   1)  0.5528   (-5.901,  3.407,  6.170)  9.192 
   Cr4   Cr7   (  0,   1,   1)  0.5550   ( 5.901,  3.407,  6.170)  9.192 
   Cr4   Cr1   (  1,   1,   1)  0.0116   ( 5.901, -3.407,  6.170)  9.192 
   Cr6   Cr1   (  1,   1,   1)  0.5763   ( 5.901,  3.407,  6.170)  9.192 
   Cr6   Cr1   (  0,  -1,   1)  0.0108   (-5.901, -3.407,  6.170)  9.192 
   Cr2   Cr3   ( -1,  -1,   0)  0.0112   (-5.901,  3.407, -6.170)  9.192 
   Cr2   Cr5   ( -1,  -1,   0)  0.5497   (-5.901, -3.407, -6.170)  9.192 
   Cr3   Cr8   ( -1,  -1,   0)  0.0123   (-5.901, -3.407,  6.170)  9.192 
   Cr5   Cr8   ( -1,  -1,   0)  0.5511   (-5.901,  3.407,  6.170)  9.192 
   Cr3   Cr2   ( -1,   0,   0)  0.5421   (-5.901,  3.407,  6.170)  9.192 
   Cr8   Cr5   ( -1,   0,   0)  0.0068   (-5.901,  3.407, -6.170)  9.192 
   Cr5   Cr2   (  0,  -1,   0)  0.0067   (-5.901, -3.407,  6.170)  9.192 
   Cr8   Cr3   (  0,  -1,   0)  0.5597   (-5.901, -3.407, -6.170)  9.192 
   Cr2   Cr5   (  0,   1,   0)  0.0067   ( 5.901,  3.407, -6.170)  9.192 
   Cr3   Cr8   (  0,   1,   0)  0.5597   ( 5.901,  3.407,  6.170)  9.192 
   Cr2   Cr3   (  1,   0,   0)  0.5421   ( 5.901, -3.407, -6.170)  9.192 
   Cr3   Cr2   (  1,   1,   0)  0.0112   ( 5.901, -3.407,  6.170)  9.192 
   Cr5   Cr2   (  1,   1,   0)  0.5497   ( 5.901,  3.407,  6.170)  9.192 
   Cr8   Cr3   (  1,   1,   0)  0.0123   ( 5.901,  3.407, -6.170)  9.192 
   Cr8   Cr5   (  1,   1,   0)  0.5511   ( 5.901, -3.407, -6.170)  9.192 
   Cr12  Cr10  (  1,   1,   0)  0.1895   ( 5.901,  3.407,  6.170)  9.192 
   Cr12  Cr11  (  1,   1,   0)  3.0876   ( 5.901, -3.407,  6.170)  9.192 
   Cr3   Cr8   ( -1,  -1,  -1)  0.5545   (-5.901, -3.407, -6.170)  9.192 
   Cr5   Cr8   ( -1,  -1,  -1)  0.0085   (-5.901,  3.407, -6.170)  9.192 
   Cr9   Cr10  ( -1,  -1,  -1)  3.0091   (-5.901,  3.407, -6.170)  9.192 
   Cr9   Cr11  ( -1,  -1,  -1)  0.1943   (-5.901, -3.407, -6.170)  9.192 
   Cr5   Cr2   (  0,  -1,  -1)  0.5756   (-5.901, -3.407, -6.170)  9.192 
   Cr12  Cr10  (  0,  -1,  -1)  0.1913   (-5.901, -3.407, -6.170)  9.192 
   Cr5   Cr8   (  1,   0,  -1)  0.5704   ( 5.901, -3.407, -6.170)  9.192 
   Cr9   Cr10  (  1,   0,  -1)  0.2008   ( 5.901, -3.407, -6.170)  9.192 
   Cr3   Cr2   (  1,   1,  -1)  0.5512   ( 5.901, -3.407, -6.170)  9.192 
   Cr5   Cr2   (  1,   1,  -1)  0.0078   ( 5.901,  3.407, -6.170)  9.192 
   Cr3   Cr2   ( -1,   0,  -1)  0.0058   (-5.901,  3.407, -6.170)  9.192 
   Cr12  Cr11  ( -1,   0,  -1)  2.9722   (-5.901,  3.407, -6.170)  9.192 
   Cr3   Cr8   (  0,   1,  -1)  0.0089   ( 5.901,  3.407, -6.170)  9.192 
   Cr9   Cr11  (  0,   1,  -1)  3.0544   ( 5.901,  3.407, -6.170)  9.192 
   Cr2   Cr3   ( -1,  -1,   1)  0.5512   (-5.901,  3.407,  6.170)  9.192 
   Cr2   Cr5   ( -1,  -1,   1)  0.0078   (-5.901, -3.407,  6.170)  9.192 
   Cr10  Cr12  ( -1,  -1,   1)  3.0660   (-5.901, -3.407,  6.170)  9.192 
   Cr11  Cr12  ( -1,  -1,   1)  0.2022   (-5.901,  3.407,  6.170)  9.192 
   Cr8   Cr5   ( -1,   0,   1)  0.5704   (-5.901,  3.407,  6.170)  9.192 
   Cr10  Cr9   ( -1,   0,   1)  0.2008   (-5.901,  3.407,  6.170)  9.192 
   Cr2   Cr5   (  0,   1,   1)  0.5756   ( 5.901,  3.407,  6.170)  9.192 
   Cr10  Cr12  (  0,   1,   1)  0.1913   ( 5.901,  3.407,  6.170)  9.192 
   Cr8   Cr3   (  1,   1,   1)  0.5545   ( 5.901,  3.407,  6.170)  9.192 
   Cr8   Cr5   (  1,   1,   1)  0.0085   ( 5.901, -3.407,  6.170)  9.192 
   Cr10  Cr9   (  1,   1,   1)  3.0091   ( 5.901, -3.407,  6.170)  9.192 
   Cr11  Cr9   (  1,   1,   1)  0.1943   ( 5.901,  3.407,  6.170)  9.192 
   Cr8   Cr3   (  0,  -1,   1)  0.0089   (-5.901, -3.407,  6.170)  9.192 
   Cr11  Cr9   (  0,  -1,   1)  3.0544   (-5.901, -3.407,  6.170)  9.192 
   Cr2   Cr3   (  1,   0,   1)  0.0058   ( 5.901, -3.407,  6.170)  9.192 
   Cr6   Cr7   (  1,   0,   1)  0.0104   ( 5.901, -3.407,  6.170)  9.192 
   Cr11  Cr12  (  1,   0,   1)  2.9722   ( 5.901, -3.407,  6.170)  9.192 
   Cr1   Cr4   ( -1,  -1,   0)  0.5492   (-5.901,  3.407,  6.170)  9.192 
   Cr1   Cr6   ( -1,  -1,   0)  0.0127   (-5.901, -3.407,  6.170)  9.192 
   Cr4   Cr7   ( -1,  -1,   0)  0.5529   (-5.901, -3.407, -6.170)  9.192 
   Cr6   Cr7   ( -1,  -1,   0)  0.0099   (-5.901,  3.407, -6.170)  9.192 
   Cr4   Cr1   ( -1,   0,   0)  0.0096   (-5.901,  3.407, -6.170)  9.192 
   Cr7   Cr6   ( -1,   0,   0)  0.5448   (-5.901,  3.407,  6.170)  9.192 
   Cr6   Cr1   (  0,  -1,   0)  0.5466   (-5.901, -3.407, -6.170)  9.192 
   Cr7   Cr4   (  0,  -1,   0)  0.0081   (-5.901, -3.407,  6.170)  9.192 
   Cr1   Cr6   (  0,   1,   0)  0.5466   ( 5.901,  3.407,  6.170)  9.192 
   Cr4   Cr7   (  0,   1,   0)  0.0081   ( 5.901,  3.407, -6.170)  9.192 
   Cr1   Cr4   (  1,   0,   0)  0.0096   ( 5.901, -3.407,  6.170)  9.192 
   Cr5   Cr8   (  1,   0,   0)  0.0068   ( 5.901, -3.407,  6.170)  9.192 
   Cr6   Cr7   (  1,   0,   0)  0.5448   ( 5.901, -3.407, -6.170)  9.192 
   Cr4   Cr1   (  1,   1,   0)  0.5492   ( 5.901, -3.407, -6.170)  9.192 
   Cr6   Cr1   (  1,   1,   0)  0.0127   ( 5.901,  3.407, -6.170)  9.192 
   Cr7   Cr4   (  1,   1,   0)  0.5529   ( 5.901,  3.407,  6.170)  9.192 
   Cr7   Cr6   (  1,   1,   0)  0.0099   ( 5.901, -3.407,  6.170)  9.192 
   Cr12  Cr10  (  1,   1,  -1)  3.0660   ( 5.901,  3.407, -6.170)  9.192 
   Cr12  Cr11  (  1,   1,  -1)  0.2022   ( 5.901, -3.407, -6.170)  9.192 
   Cr1   Cr8   ( -1,   0,  -1)  1.2332   ( 0.000,  7.099, -6.020)  9.308 
   Cr7   Cr2   (  0,   1,  -1)  1.2045   (-0.000,  7.099, -6.020)  9.308 
   Cr2   Cr7   (  0,  -1,   1)  1.2045   ( 0.000, -7.099,  6.020)  9.308 
   Cr8   Cr1   (  1,   0,   1)  1.2332   (-0.000, -7.099,  6.020)  9.308 
   Cr4   Cr5   ( -1,   1,   0)  1.2181   ( 0.000,  7.099, -6.020)  9.308 
   Cr5   Cr4   (  1,  -1,   0)  1.2181   ( 0.000, -7.099,  6.020)  9.308 
   Cr3   Cr6   (  0,   0,   0)  1.2311   ( 0.000, -7.099,  6.020)  9.308 
   Cr6   Cr3   (  0,   0,   0)  1.2311   (-0.000,  7.099, -6.020)  9.308 
   Cr4   Cr5   ( -1,   1,   1) -0.0420   ( 0.000,  7.099,  6.320)  9.504 
   Cr5   Cr4   (  1,  -1,  -1) -0.0420   ( 0.000, -7.099, -6.320)  9.504 
   Cr1   Cr8   ( -1,   0,   0) -0.0454   ( 0.000,  7.099,  6.320)  9.504 
   Cr8   Cr1   (  1,   0,   0) -0.0454   (-0.000, -7.099, -6.320)  9.504 
   Cr3   Cr6   (  0,   0,  -1) -0.0395   ( 0.000, -7.099, -6.320)  9.504 
   Cr6   Cr3   (  0,   0,   1) -0.0395   (-0.000,  7.099,  6.320)  9.504 
   Cr2   Cr7   (  0,  -1,   0) -0.0428   ( 0.000, -7.099, -6.320)  9.504 
   Cr7   Cr2   (  0,   1,   0) -0.0428   (-0.000,  7.099,  6.320)  9.504 
   Cr5   Cr6   ( -1,   0,   0)  0.0829   (-3.934,  6.529,  6.020)  9.713 
   Cr4   Cr3   (  0,  -1,   0)  0.0782   (-3.934, -6.529, -6.020)  9.713 
   Cr4   Cr3   (  1,   0,   0)  0.0826   ( 3.934, -6.529, -6.020)  9.713 
   Cr1   Cr2   (  0,  -1,  -1)  0.0796   (-3.934, -6.529, -6.020)  9.713 
   Cr7   Cr8   (  0,  -1,  -1)  0.0851   (-3.934, -6.529, -6.020)  9.713 
   Cr1   Cr2   (  1,   0,  -1)  0.0740   ( 3.934, -6.529, -6.020)  9.713 
   Cr7   Cr8   (  1,   0,  -1)  0.0861   ( 3.934, -6.529, -6.020)  9.713 
   Cr2   Cr1   ( -1,   0,   1)  0.0740   (-3.934,  6.529,  6.020)  9.713 
   Cr8   Cr7   ( -1,   0,   1)  0.0861   (-3.934,  6.529,  6.020)  9.713 
   Cr2   Cr1   (  0,   1,   1)  0.0796   ( 3.934,  6.529,  6.020)  9.713 
   Cr8   Cr7   (  0,   1,   1)  0.0851   ( 3.934,  6.529,  6.020)  9.713 
   Cr3   Cr4   ( -1,   0,   0)  0.0826   (-3.934,  6.529,  6.020)  9.713 
   Cr6   Cr5   (  0,  -1,   0)  0.0863   (-3.934, -6.529, -6.020)  9.713 
   Cr3   Cr4   (  0,   1,   0)  0.0782   ( 3.934,  6.529,  6.020)  9.713 
   Cr5   Cr6   (  0,   1,   0)  0.0863   ( 3.934,  6.529,  6.020)  9.713 
   Cr6   Cr5   (  1,   0,   0)  0.0829   ( 3.934, -6.529, -6.020)  9.713 
   Cr3   Cr4   ( -1,   0,  -1) -0.1919   (-3.934,  6.529, -6.320)  9.901 
   Cr5   Cr6   ( -1,   0,  -1) -0.1939   (-3.934,  6.529, -6.320)  9.901 
   Cr3   Cr4   (  0,   1,  -1) -0.1915   ( 3.934,  6.529, -6.320)  9.901 
   Cr5   Cr6   (  0,   1,  -1) -0.1962   ( 3.934,  6.529, -6.320)  9.901 
   Cr4   Cr3   (  0,  -1,   1) -0.1915   (-3.934, -6.529,  6.320)  9.901 
   Cr4   Cr3   (  1,   0,   1) -0.1919   ( 3.934, -6.529,  6.320)  9.901 
   Cr6   Cr5   (  1,   0,   1) -0.1939   ( 3.934, -6.529,  6.320)  9.901 
   Cr8   Cr7   ( -1,   0,   0) -0.1945   (-3.934,  6.529, -6.320)  9.901 
   Cr7   Cr8   (  0,  -1,   0) -0.1951   (-3.934, -6.529,  6.320)  9.901 
   Cr8   Cr7   (  0,   1,   0) -0.1951   ( 3.934,  6.529, -6.320)  9.901 
   Cr7   Cr8   (  1,   0,   0) -0.1945   ( 3.934, -6.529,  6.320)  9.901 
   Cr6   Cr5   (  0,  -1,   1) -0.1962   (-3.934, -6.529,  6.320)  9.901 
   Cr2   Cr1   ( -1,   0,   0) -0.1946   (-3.934,  6.529, -6.320)  9.901 
   Cr1   Cr2   (  0,  -1,   0) -0.1969   (-3.934, -6.529,  6.320)  9.901 
   Cr2   Cr1   (  0,   1,   0) -0.1969   ( 3.934,  6.529, -6.320)  9.901 
   Cr1   Cr2   (  1,   0,   0) -0.1946   ( 3.934, -6.529,  6.320)  9.901 
   Cr1   Cr2   ( -1,  -1,  -1)  0.0449   (-7.868,  0.285, -6.020)  9.911 
   Cr7   Cr8   ( -1,  -1,  -1)  0.0444   (-7.868,  0.285, -6.020)  9.911 
   Cr1   Cr2   (  1,   1,  -1)  0.0422   ( 7.868,  0.285, -6.020)  9.911 
   Cr7   Cr8   (  1,   1,  -1)  0.0429   ( 7.868,  0.285, -6.020)  9.911 
   Cr2   Cr1   ( -1,  -1,   1)  0.0422   (-7.868, -0.285,  6.020)  9.911 
   Cr8   Cr7   ( -1,  -1,   1)  0.0429   (-7.868, -0.285,  6.020)  9.911 
   Cr2   Cr1   (  1,   1,   1)  0.0449   ( 7.868, -0.285,  6.020)  9.911 
   Cr8   Cr7   (  1,   1,   1)  0.0444   ( 7.868, -0.285,  6.020)  9.911 
   Cr3   Cr4   ( -1,  -1,   0)  0.0415   (-7.868, -0.285,  6.020)  9.911 
   Cr4   Cr3   ( -1,  -1,   0)  0.0422   (-7.868,  0.285, -6.020)  9.911 
   Cr5   Cr6   ( -1,  -1,   0)  0.0401   (-7.868, -0.285,  6.020)  9.911 
   Cr6   Cr5   ( -1,  -1,   0)  0.0423   (-7.868,  0.285, -6.020)  9.911 
   Cr3   Cr4   (  1,   1,   0)  0.0422   ( 7.868, -0.285,  6.020)  9.911 
   Cr4   Cr3   (  1,   1,   0)  0.0415   ( 7.868,  0.285, -6.020)  9.911 
   Cr5   Cr6   (  1,   1,   0)  0.0423   ( 7.868, -0.285,  6.020)  9.911 
   Cr6   Cr5   (  1,   1,   0)  0.0401   ( 7.868,  0.285, -6.020)  9.911 
   Cr10  Cr5   ( -1,   0,   0)  0.0670   (-3.934,  0.143, -9.180)  9.989 
   Cr11  Cr3   (  0,  -1,   0)  0.0636   (-3.934,  0.143, -9.180)  9.989 
   Cr3   Cr11  (  0,   1,   0)  0.0636   ( 3.934, -0.143,  9.180)  9.989 
   Cr5   Cr10  (  1,   0,   0)  0.0670   ( 3.934, -0.143,  9.180)  9.989 
   Cr1   Cr12  ( -1,  -1,  -1)  0.0643   (-3.934,  0.143, -9.180)  9.989 
   Cr9   Cr8   ( -1,  -1,  -1)  0.0666   (-3.934,  0.143, -9.180)  9.989 
   Cr1   Cr12  (  0,   0,  -1)  0.0677   ( 3.934,  0.143, -9.180)  9.989 
   Cr12  Cr2   (  0,   0,  -1)  0.0643   (-3.934,  0.143, -9.180)  9.989 
   Cr7   Cr9   (  1,   1,  -1)  0.0597   ( 3.934,  0.143, -9.180)  9.989 
   Cr12  Cr2   (  1,   1,  -1)  0.0626   ( 3.934,  0.143, -9.180)  9.989 
   Cr3   Cr11  ( -1,   0,   0)  0.0655   (-3.934, -0.143,  9.180)  9.989 
   Cr5   Cr10  (  0,  -1,   0)  0.0660   (-3.934, -0.143,  9.180)  9.989 
   Cr10  Cr5   (  0,   1,   0)  0.0660   ( 3.934,  0.143, -9.180)  9.989 
   Cr11  Cr3   (  1,   0,   0)  0.0655   ( 3.934,  0.143, -9.180)  9.989 
   Cr7   Cr9   (  0,   0,  -1)  0.0691   (-3.934,  0.143, -9.180)  9.989 
   Cr9   Cr8   (  0,   0,  -1)  0.0706   ( 3.934,  0.143, -9.180)  9.989 
   Cr2   Cr12  ( -1,  -1,   1)  0.0626   (-3.934, -0.143,  9.180)  9.989 
   Cr9   Cr7   ( -1,  -1,   1)  0.0597   (-3.934, -0.143,  9.180)  9.989 
   Cr10  Cr6   ( -1,   0,   1)  0.0667   (-3.934, -0.143,  9.180)  9.989 
   Cr2   Cr12  (  0,   0,   1)  0.0643   ( 3.934, -0.143,  9.180)  9.989 
   Cr12  Cr1   (  0,   0,   1)  0.0677   (-3.934, -0.143,  9.180)  9.989 
   Cr8   Cr9   (  1,   1,   1)  0.0666   ( 3.934, -0.143,  9.180)  9.989 
   Cr12  Cr1   (  1,   1,   1)  0.0643   ( 3.934, -0.143,  9.180)  9.989 
   Cr11  Cr4   (  0,  -1,   1)  0.0684   (-3.934, -0.143,  9.180)  9.989 
   Cr6   Cr10  (  0,  -1,  -1)  0.0623   (-3.934,  0.143, -9.180)  9.989 
   Cr6   Cr10  (  1,   0,  -1)  0.0667   ( 3.934,  0.143, -9.180)  9.989 
   Cr4   Cr11  ( -1,   0,  -1)  0.0699   (-3.934,  0.143, -9.180)  9.989 
   Cr4   Cr11  (  0,   1,  -1)  0.0684   ( 3.934,  0.143, -9.180)  9.989 
   Cr8   Cr9   (  0,   0,   1)  0.0706   (-3.934, -0.143,  9.180)  9.989 
   Cr9   Cr7   (  0,   0,   1)  0.0691   ( 3.934, -0.143,  9.180)  9.989 
   Cr10  Cr6   (  0,   1,   1)  0.0623   ( 3.934, -0.143,  9.180)  9.989 
   Cr11  Cr4   (  1,   0,   1)  0.0699   ( 3.934, -0.143,  9.180)  9.989 
