0 2  1,  1,  1  5.8735 
2 0 -1, -1, -1  5.8735 
1 2  0,  0,  0  5.8651 
2 1  0,  0,  0  5.8651 
1 0 -1,  0,  0  3.9893 
1 0  0, -1,  0  3.8787 
0 1  0,  1,  0  3.8787 
0 1  1,  0,  0  3.9893 
0 0 -1,  1,  0  3.7011 
1 1 -1,  1,  0  3.6983 
2 2 -1,  1,  0 -3.0717 
0 0  1, -1,  0  3.7011 
1 1  1, -1,  0  3.6983 
2 2  1, -1,  0 -3.0717 
1 0 -1,  0, -1  1.9391 
1 0  0, -1, -1  1.7468 
0 1  0,  1,  1  1.7468 
0 1  1,  0,  1  1.9391 
2 1 -1,  0, -1  8.0628 
2 1  0, -1, -1  8.1294 
1 2  0,  1,  1  8.1294 
1 2  1,  0,  1  8.0628 
2 0 -1,  0,  0  8.1272 
2 0  0, -1,  0  8.0622 
0 2  0,  1,  0  8.0622 
0 2  1,  0,  0  8.1272 
1 2 -1,  1,  0  6.2375 
2 1 -1,  1,  0  6.2781 
1 2  1, -1,  0  6.2781 
2 1  1, -1,  0  6.2375 
0 2  0,  2,  1  6.2834 
0 2  2,  0,  1  6.2406 
2 0 -2,  0, -1  6.2406 
2 0  0, -2, -1  6.2834 
2 1 -1,  0,  0  4.0463 
2 1  0, -1,  0  3.9642 
1 2  0,  1,  0  3.9642 
1 2  1,  0,  0  4.0463 
2 0 -1,  0, -1  3.9677 
2 0  0, -1, -1  4.0496 
0 2  0,  1,  1  4.0496 
0 2  1,  0,  1  3.9677 
0 1  0,  0,  0 -0.0019 
1 0  0,  0,  0 -0.0019 
0 1  1,  1,  1  0.9635 
1 0 -1, -1, -1  0.9635 
1 0 -2,  1,  0  0.8187 
0 1 -1,  2,  0  0.7960 
1 0  1, -2,  0  0.7960 
0 1  2, -1,  0  0.8187 
0 0  0,  0, -1  0.1285 
1 1  0,  0, -1  0.1242 
2 2  0,  0, -1 -0.1529 
0 0  0,  0,  1  0.1285 
1 1  0,  0,  1  0.1242 
2 2  0,  0,  1 -0.1529 
1 0 -2,  1, -1  0.1266 
0 1 -1,  2,  1  0.1086 
1 0  1, -2, -1  0.1086 
0 1  2, -1,  1  0.1266 
0 1 -1,  1,  0  0.3157 
1 0 -1,  1,  0  0.2788 
0 1  1, -1,  0  0.2788 
1 0  1, -1,  0  0.3157 
0 0 -1,  0,  0  0.1115 
1 1 -1,  0,  0  0.1081 
2 2 -1,  0,  0  0.2395 
0 0  0, -1,  0  0.0620 
1 1  0, -1,  0  0.0584 
2 2  0, -1,  0  0.4567 
0 0  0,  1,  0  0.0620 
1 1  0,  1,  0  0.0584 
2 2  0,  1,  0  0.4567 
0 0  1,  0,  0  0.1115 
1 1  1,  0,  0  0.1081 
2 2  1,  0,  0  0.2395 
0 0 -1,  0, -1  0.0202 
1 1 -1,  0, -1  0.0179 
2 2 -1,  0, -1  1.0911 
0 0  0, -1, -1  0.0036 
1 1  0, -1, -1 -0.0016 
2 2  0, -1, -1  1.1285 
0 0  0,  1,  1  0.0036 
1 1  0,  1,  1 -0.0016 
2 2  0,  1,  1  1.1285 
0 0  1,  0,  1  0.0202 
1 1  1,  0,  1  0.0179 
2 2  1,  0,  1  1.0911 
2 1  0,  0, -1  0.8454 
1 2  0,  0,  1  0.8454 
0 2  1,  1,  0  0.8463 
2 0 -1, -1,  0  0.8463 
2 1 -2,  1, -1  0.7515 
2 0 -2,  1,  0  0.7066 
0 2 -1,  2,  0  0.7510 
1 2 -1,  2,  1  0.7068 
2 1  1, -2, -1  0.7068 
2 0  1, -2,  0  0.7510 
0 2  2, -1,  0  0.7066 
1 2  2, -1,  1  0.7515 
0 1  0,  2,  1  0.3814 
0 1  2,  0,  1  0.4132 
1 0 -2,  0, -1  0.4132 
1 0  0, -2, -1  0.3814 
2 1 -2,  1,  0  0.7763 
1 2 -1,  2,  0  0.8586 
2 1  1, -2,  0  0.8586 
1 2  2, -1,  0  0.7763 
2 0 -2,  1, -1  0.8593 
0 2 -1,  2,  1  0.7770 
2 0  1, -2, -1  0.7770 
0 2  2, -1,  1  0.8593 
1 2  0,  0, -1  0.7351 
2 1  0,  0,  1  0.7351 
0 2  1,  1,  2  0.7376 
2 0 -1, -1, -2  0.7376 
0 0 -2,  2,  0 -0.1250 
1 1 -2,  2,  0 -0.1279 
2 2 -2,  2,  0  0.7370 
0 0  2, -2,  0 -0.1250 
1 1  2, -2,  0 -0.1279 
2 2  2, -2,  0  0.7370 
0 0 -1,  1, -1  0.2235 
0 0  1, -1, -1  0.2175 
1 1 -1,  1, -1  0.2197 
2 2 -1,  1, -1  0.4951 
0 0 -1,  1,  1  0.2175 
1 1 -1,  1,  1  0.2148 
2 2 -1,  1,  1  0.3220 
1 1  1, -1, -1  0.2148 
2 2  1, -1, -1  0.3220 
0 0  1, -1,  1  0.2235 
1 1  1, -1,  1  0.2197 
2 2  1, -1,  1  0.4951 
0 2  0,  2,  0 -0.0132 
0 2  2,  0,  0  0.0532 
2 0 -2,  0,  0  0.0532 
2 0  0, -2,  0 -0.0132 
2 1 -1,  1, -1 -0.0168 
1 2 -1,  1,  1  0.0481 
2 1  1, -1, -1  0.0481 
1 2  1, -1,  1 -0.0168 
1 2 -2,  2,  0  0.0206 
2 1 -2,  2,  0  0.0302 
1 2  2, -2,  0  0.0302 
2 1  2, -2,  0  0.0206 
0 2 -1,  3,  1  0.0335 
0 2  3, -1,  1  0.0251 
2 0 -3,  1, -1  0.0251 
2 0  1, -3, -1  0.0335 
1 2 -1,  1, -1 -0.0981 
2 1 -1,  1,  1 -0.0606 
1 2  1, -1, -1 -0.0606 
2 1  1, -1,  1 -0.0981 
0 2  0,  2,  2 -0.0625 
0 2  2,  0,  2 -0.0959 
2 0 -2,  0, -2 -0.0959 
2 0  0, -2, -2 -0.0625 
0 1  0,  0, -1 -0.1446 
1 0  0,  0,  1 -0.1446 
0 1  1,  1,  0 -2.3043 
1 0 -1, -1,  0 -2.3043 
1 2  1,  1,  1 -0.0455 
2 1 -1, -1, -1 -0.0455 
0 2  0,  0,  0 -0.0393 
2 0  0,  0,  0 -0.0393 
0 0 -2,  1,  0 -0.0408 
1 1 -2,  1,  0 -0.0456 
2 2 -2,  1,  0  1.1312 
0 0 -1,  2,  0 -0.0077 
1 1 -1,  2,  0 -0.0119 
2 2 -1,  2,  0  1.4780 
0 0  1, -2,  0 -0.0077 
1 1  1, -2,  0 -0.0119 
2 2  1, -2,  0  1.4780 
0 0  2, -1,  0 -0.0408 
1 1  2, -1,  0 -0.0456 
2 2  2, -1,  0  1.1312 
0 0 -2,  1, -1 -0.3099 
1 1 -2,  1, -1 -0.3145 
2 2 -2,  1, -1  0.0315 
0 0 -1,  2,  1 -0.2729 
1 1 -1,  2,  1 -0.2772 
2 2 -1,  2,  1  0.2337 
0 0  1, -2, -1 -0.2729 
1 1  1, -2, -1 -0.2772 
2 2  1, -2, -1  0.2337 
0 0  2, -1,  1 -0.3099 
1 1  2, -1,  1 -0.3145 
2 2  2, -1,  1  0.0315 
1 0  0,  0, -1  0.4587 
0 1  0,  0,  1  0.4587 
0 1  1,  1,  2 -0.0349 
1 0 -1, -1, -2 -0.0349 
0 1 -1,  1, -1  0.4057 
1 0 -1,  1,  1  0.3445 
0 1  1, -1, -1  0.3445 
1 0  1, -1,  1  0.4057 
0 1  0,  2,  0 -0.2216 
0 1  2,  0,  0 -0.1508 
1 0 -2,  0,  0 -0.1508 
1 0  0, -2,  0 -0.2216 
0 1 -2,  2,  0  0.0810 
1 0 -2,  2,  0  0.0861 
0 1  2, -2,  0  0.0861 
1 0  2, -2,  0  0.0810 
1 2  0,  2,  1  0.0361 
1 2  2,  0,  1  0.0086 
2 1 -2,  0, -1  0.0086 
2 1  0, -2, -1  0.0361 
0 2 -1,  1,  0  0.0078 
2 0 -1,  1,  0  0.0343 
0 2  1, -1,  0  0.0343 
2 0  1, -1,  0  0.0078 
0 2  1,  2,  1  0.0328 
0 2  2,  1,  1  0.0183 
2 0 -2, -1, -1  0.0183 
2 0 -1, -2, -1  0.0328 
1 2 -1,  0,  0  0.0166 
1 2  0, -1,  0  0.0317 
2 1  0,  1,  0  0.0317 
2 1  1,  0,  0  0.0166 
0 1 -1,  3,  1 -0.1026 
0 1  3, -1,  1 -0.0715 
1 0 -3,  1, -1 -0.0715 
1 0  1, -3, -1 -0.1026 
1 0 -1,  1, -1  0.1892 
0 1 -1,  1,  1  0.1919 
1 0  1, -1, -1  0.1919 
0 1  1, -1,  1  0.1892 
0 1  0,  1, -1  0.0691 
0 1  1,  0, -1  0.1387 
1 0 -1,  0,  1  0.1387 
1 0  0, -1,  1  0.0691 
0 2  1,  2,  2  0.1258 
0 2  2,  1,  2  0.0386 
2 0 -2, -1, -2  0.0386 
2 0 -1, -2, -2  0.1258 
1 2 -1,  0, -1  0.0375 
1 2  0, -1, -1  0.1197 
2 1  0,  1,  1  0.1197 
2 1  1,  0,  1  0.0375 
0 1  0,  2,  2 -0.0318 
0 1  2,  0,  2 -0.0626 
1 0 -2,  0, -2 -0.0626 
1 0  0, -2, -2 -0.0318 
0 1  3, -2,  0  0.0555 
1 0 -3,  2,  0  0.0555 
0 1 -2,  3,  0  0.0395 
1 0  2, -3,  0  0.0395 
0 0 -2,  2, -1 -0.0820 
1 1 -2,  2, -1 -0.0855 
2 2 -2,  2, -1 -0.0513 
0 0 -2,  2,  1 -0.0198 
1 1 -2,  2,  1 -0.0228 
2 2 -2,  2,  1 -0.1890 
0 0  2, -2, -1 -0.0198 
1 1  2, -2, -1 -0.0228 
2 2  2, -2, -1 -0.1890 
0 0  2, -2,  1 -0.0820 
1 1  2, -2,  1 -0.0855 
2 2  2, -2,  1 -0.0513 
0 1  3, -2,  1 -0.0613 
1 0 -3,  2, -1 -0.0613 
0 1 -2,  3,  1 -0.0599 
1 0  2, -3, -1 -0.0599 
0 1  0,  1,  2 -0.0121 
0 1  1,  0,  2  0.0074 
1 0 -1,  0, -2  0.0074 
1 0  0, -1, -2 -0.0121 
0 2  0,  1, -1 -0.07418 
1 2  0,  1,  2 -0.0759 
0 2  1,  0, -1 -0.07498 
1 2  1,  0,  2 -0.0740 
2 1 -1,  0, -2 -0.07408 
2 0 -1,  0,  1 -0.0749 
2 1  0, -1, -2 -0.07598 
2 0  0, -1,  1 -0.0741 
2 1 -2,  2, -1  0.0363 
1 2 -2,  2,  1 -0.0518 
2 1  2, -2, -1 -0.0518 
1 2  2, -2,  1  0.0363 
0 2 -1,  3,  0  0.0382 
0 2  3, -1,  0 -0.0485 
2 0 -3,  1,  0 -0.0485 
2 0  1, -3,  0  0.0382 
0 2  3, -2,  0  0.0653 
1 2  3, -2,  1  0.0324 
2 1 -3,  2, -1  0.0324 
2 0 -3,  2,  0  0.0653 
0 2 -2,  3,  0  0.0332 
1 2 -2,  3,  1  0.0630 
2 1  2, -3, -1  0.0630 
2 0  2, -3,  0  0.0332 
1 2  3, -2,  0  0.0223 
2 1 -3,  2,  0  0.0223 
1 2 -2,  3,  0 -0.0336 
0 2 -2,  3,  1  0.0221 
0 2  3, -2,  1 -0.0331 
2 0 -3,  2, -1 -0.0331 
2 0  2, -3, -1  0.0221 
2 1  2, -3,  0 -0.0336 
1 2 -2,  2, -1  0.0043 
2 1 -2,  2,  1  0.0290 
1 2  2, -2, -1  0.0290 
2 1  2, -2,  1  0.0043 
0 2 -1,  3,  2  0.0319 
0 2  3, -1,  2  0.0050 
2 0 -3,  1, -2  0.0050 
2 0  1, -3, -2  0.0319 
1 2  0,  1, -1 -0.0033 
0 2  0,  1,  2 -0.0386 
1 2  1,  0, -1 -0.0422 
0 2  1,  0,  2 -0.0004 
2 0 -1,  0, -2 -0.0004 
2 1 -1,  0,  1 -0.0422 
2 0  0, -1, -2 -0.0386 
2 1  0, -1,  1 -0.0033 
0 2  0,  0, -1 -0.01807 
2 0  0,  0,  1 -0.0180 
1 2  1,  1,  2 -0.0180 
2 1 -1, -1, -2 -0.01807 
0 2  0,  3,  1 -0.0851 
0 2  3,  0,  1 -0.1121 
2 0 -3,  0, -1 -0.1121 
2 0  0, -3, -1 -0.0851 
1 2 -2,  1,  0 -0.1129 
2 1 -1,  2,  0 -0.0906 
1 2  1, -2,  0 -0.0906 
2 1  2, -1,  0 -0.1129 
2 0  0,  0, -1  0.0231 
0 2  0,  0,  1  0.02310 
1 2  1,  1,  0  0.0233 
2 1 -1, -1,  0  0.02330 
0 1 -1,  2, -1  0.0361 
0 1  2, -1, -1 -0.0065 
1 0 -2,  1,  1 -0.0065 
1 0  1, -2,  1  0.0361 
1 2 -2,  1, -1 -0.0647 
2 1 -1,  2,  1 -0.0538 
1 2  1, -2, -1 -0.0538 
2 1  2, -1,  1 -0.0647 
0 2  0,  3,  2 -0.0511 
0 2  3,  0,  2 -0.0642 
2 0 -3,  0, -2 -0.0642 
2 0  0, -3, -2 -0.0511 
0 0 -3,  3,  0 -0.0851 
1 1 -3,  3,  0 -0.0883 
2 2 -3,  3,  0 -0.3569 
0 0  3, -3,  0 -0.08512 
1 1  3, -3,  0 -0.08832 
2 2  3, -3,  0 -0.35692 
0 1 -2,  2, -1  0.0587 
1 0 -2,  2,  1  0.0430 
0 1  2, -2, -1  0.0430 
1 0  2, -2,  1  0.0587