Cr1             0.00000000    0.00000000    3.04800000    4.9004    0.0000    0.0000    3.5895
   Cr1   Cr1   ( -1,  -1,   0)  4.7082   (-1.894, -3.280,  0.000)  3.787 
   Cr1   Cr1   ( -1,   0,   0)  4.8374   (-3.787,  0.000,  0.000)  3.787 
   Cr1   Cr1   (  0,  -1,   0)  4.7072   ( 1.894, -3.280,  0.000)  3.787 
   Cr1   Cr1   (  0,   1,   0)  4.7072   (-1.894,  3.280,  0.000)  3.787 
   Cr1   Cr1   (  1,   0,   0)  4.8374   ( 3.787,  0.000,  0.000)  3.787 
   Cr1   Cr1   (  1,   1,   0)  4.7082   ( 1.894,  3.280,  0.000)  3.787 
   Cr1   Cr1   (  0,   0,  -1)  0.4516   ( 0.000,  0.000, -6.096)  6.096 
   Cr1   Cr1   (  0,   0,   1)  0.4516   ( 0.000,  0.000,  6.096)  6.096 
   Cr1   Cr1   ( -1,  -2,   0)  1.2726   ( 0.000, -6.559,  0.000)  6.559 
   Cr1   Cr1   (  1,   2,   0)  1.2726   ( 0.000,  6.559,  0.000)  6.559 
   Cr1   Cr1   ( -2,  -1,   0)  1.3238   (-5.681, -3.280,  0.000)  6.559 
   Cr1   Cr1   ( -1,   1,   0)  1.3321   (-5.681,  3.280,  0.000)  6.559 
   Cr1   Cr1   (  1,  -1,   0)  1.3321   ( 5.681, -3.280,  0.000)  6.559 
   Cr1   Cr1   (  2,   1,   0)  1.3238   ( 5.681,  3.280,  0.000)  6.559 
