Cr1             0.12347982   -0.07129111   -0.07483789    4.8977    0.0054   -0.0021    3.7632
Cr2            -0.12347982    0.07129111    6.24483789    4.8977    0.0055   -0.0021    3.7630
Cr3            -2.09047982    3.47823504    0.07483789    4.8976    0.0055   -0.0020    3.7633
Cr4            -1.84352018    3.33565283    6.09516211    4.8976    0.0055   -0.0021    3.7631
Cr5             3.81052018    0.07129111    0.07483789    4.8977    0.0055   -0.0022    3.7632
Cr6             4.05747982   -0.07129111    6.09516211    4.8975    0.0057   -0.0021    3.7632
Cr7             2.09047982    3.33565283   -0.07483789    4.8977    0.0055   -0.0023    3.7631
Cr8             1.84352018    3.47823504    6.24483789    4.8974    0.0055   -0.0022    3.7632
Cr9             0.00000000    0.00000000    3.08500000    4.9742   -0.0268   -0.0073    3.9033
Cr10           -1.96700000    3.40694394    9.25500000    4.9740   -0.0269   -0.0072    3.9034
Cr11            3.93400000    0.00000000    9.25500000    4.9741   -0.0269   -0.0070    3.9033
Cr12            1.96700000    3.40694394    3.08500000    4.9739   -0.0269   -0.0071    3.9034
   Cr4   Cr10  (  0,   0,   0)  6.6366   (-0.123,  0.071,  3.160)  3.163 
   Cr6   Cr11  (  0,   0,   0)  6.6271   (-0.123,  0.071,  3.160)  3.163 
   Cr10  Cr4   (  0,   0,   0)  6.6366   ( 0.123, -0.071, -3.160)  3.163 
   Cr11  Cr6   (  0,   0,   0)  6.6271   ( 0.123, -0.071, -3.160)  3.163 
   Cr1   Cr9   (  0,   0,   0)  6.6334   (-0.123,  0.071,  3.160)  3.163 
   Cr7   Cr12  (  0,   0,   0)  6.6520   (-0.123,  0.071,  3.160)  3.163 
   Cr9   Cr1   (  0,   0,   0)  6.6334   ( 0.123, -0.071, -3.160)  3.163 
   Cr12  Cr7   (  0,   0,   0)  6.6520   ( 0.123, -0.071, -3.160)  3.163 
   Cr2   Cr9   (  0,   0,   0)  6.6786   ( 0.123, -0.071, -3.160)  3.163 
   Cr8   Cr12  (  0,   0,   0)  6.6690   ( 0.123, -0.071, -3.160)  3.163 
   Cr9   Cr2   (  0,   0,   0)  6.6786   (-0.123,  0.071,  3.160)  3.163 
   Cr12  Cr8   (  0,   0,   0)  6.6690   (-0.123,  0.071,  3.160)  3.163 
   Cr3   Cr10  (  0,   0,  -1)  6.6390   ( 0.123, -0.071, -3.160)  3.163 
   Cr5   Cr11  (  0,   0,  -1)  6.6159   ( 0.123, -0.071, -3.160)  3.163 
   Cr10  Cr3   (  0,   0,   1)  6.6390   (-0.123,  0.071,  3.160)  3.163 
   Cr11  Cr5   (  0,   0,   1)  6.6159   (-0.123,  0.071,  3.160)  3.163 
   Cr1   Cr3   (  0,  -1,   0)  4.4949   ( 1.720, -3.264,  0.150)  3.693 
   Cr6   Cr8   (  0,  -1,   0)  4.4933   ( 1.720, -3.264,  0.150)  3.693 
   Cr6   Cr2   (  1,   0,   0)  4.6406   ( 3.687,  0.143,  0.150)  3.693 
   Cr7   Cr3   (  1,   0,   0)  4.6272   ( 3.687,  0.143,  0.150)  3.693 
   Cr2   Cr6   ( -1,   0,   0)  4.6406   (-3.687, -0.143, -0.150)  3.693 
   Cr3   Cr7   ( -1,   0,   0)  4.6272   (-3.687, -0.143, -0.150)  3.693 
   Cr8   Cr6   (  0,   1,   0)  4.4933   (-1.720,  3.264, -0.150)  3.693 
   Cr3   Cr1   (  0,   1,   0)  4.4949   (-1.720,  3.264, -0.150)  3.693 
   Cr4   Cr8   (  0,   0,   0)  4.6257   ( 3.687,  0.143,  0.150)  3.693 
   Cr5   Cr7   (  0,   0,   0)  4.5267   (-1.720,  3.264, -0.150)  3.693 
   Cr7   Cr5   (  0,   0,   0)  4.5267   ( 1.720, -3.264,  0.150)  3.693 
   Cr8   Cr4   (  0,   0,   0)  4.6257   (-3.687, -0.143, -0.150)  3.693 
   Cr1   Cr5   (  0,   0,   0)  4.6258   ( 3.687,  0.143,  0.150)  3.693 
   Cr2   Cr4   (  0,   0,   0)  4.5011   (-1.720,  3.264, -0.150)  3.693 
   Cr4   Cr2   (  0,   0,   0)  4.5011   ( 1.720, -3.264,  0.150)  3.693 
   Cr5   Cr1   (  0,   0,   0)  4.6258   (-3.687, -0.143, -0.150)  3.693 
   Cr1   Cr7   ( -1,  -1,   0)  3.9969   (-1.967, -3.407,  0.000)  3.934 
   Cr2   Cr8   ( -1,  -1,   0)  3.9966   (-1.967, -3.407,  0.000)  3.934 
   Cr7   Cr1   (  1,   1,   0)  3.9969   ( 1.967,  3.407,  0.000)  3.934 
   Cr8   Cr2   (  1,   1,   0)  3.9966   ( 1.967,  3.407,  0.000)  3.934 
   Cr3   Cr5   (  0,   1,   0)  3.9999   ( 1.967,  3.407,  0.000)  3.934 
   Cr9   Cr12  (  0,   0,   0) -2.4214   ( 1.967,  3.407,  0.000)  3.934 
   Cr12  Cr9   (  0,   0,   0) -2.4214   (-1.967, -3.407,  0.000)  3.934 
   Cr9   Cr12  ( -1,  -1,   0) -2.4295   (-1.967, -3.407,  0.000)  3.934 
   Cr5   Cr3   (  0,  -1,   0)  3.9999   (-1.967, -3.407,  0.000)  3.934 
   Cr6   Cr4   (  0,  -1,   0)  3.9970   (-1.967, -3.407,  0.000)  3.934 
   Cr11  Cr10  (  0,  -1,   0) -2.4131   (-1.967, -3.407,  0.000)  3.934 
   Cr5   Cr3   (  1,   0,   0)  3.9932   ( 1.967,  3.407,  0.000)  3.934 
   Cr6   Cr4   (  1,   0,   0)  3.9993   ( 1.967,  3.407,  0.000)  3.934 
   Cr11  Cr10  (  1,   0,   0) -2.4230   ( 1.967,  3.407,  0.000)  3.934 
   Cr4   Cr6   ( -1,   0,   0)  3.9993   (-1.967, -3.407,  0.000)  3.934 
   Cr10  Cr11  ( -1,   0,   0) -2.4230   (-1.967, -3.407,  0.000)  3.934 
   Cr10  Cr11  (  0,   1,   0) -2.4131   ( 1.967,  3.407,  0.000)  3.934 
   Cr12  Cr9   (  1,   1,   0) -2.4295   ( 1.967,  3.407,  0.000)  3.934 
   Cr3   Cr5   ( -1,   0,   0)  3.9932   (-1.967, -3.407,  0.000)  3.934 
   Cr2   Cr8   (  0,   0,   0)  4.0038   ( 1.967,  3.407,  0.000)  3.934 
   Cr8   Cr2   (  0,   0,   0)  4.0038   (-1.967, -3.407,  0.000)  3.934 
   Cr4   Cr6   (  0,   1,   0)  3.9970   ( 1.967,  3.407,  0.000)  3.934 
   Cr1   Cr7   (  0,   0,   0)  3.9959   ( 1.967,  3.407,  0.000)  3.934 
   Cr7   Cr1   (  0,   0,   0)  3.9959   (-1.967, -3.407,  0.000)  3.934 
   Cr4   Cr2   (  0,   1,   0)  2.6514   (-2.214,  3.550,  0.150)  4.186 
   Cr2   Cr4   (  0,  -1,   0)  2.6514   ( 2.214, -3.550, -0.150)  4.186 
   Cr5   Cr1   (  1,   0,   0)  2.5370   ( 4.181, -0.143, -0.150)  4.186 
   Cr8   Cr4   (  1,   0,   0)  2.5368   ( 4.181, -0.143, -0.150)  4.186 
   Cr1   Cr5   ( -1,   0,   0)  2.5370   (-4.181,  0.143,  0.150)  4.186 
   Cr4   Cr8   ( -1,   0,   0)  2.5368   (-4.181,  0.143,  0.150)  4.186 
   Cr7   Cr5   (  0,   1,   0)  2.6561   (-2.214,  3.550,  0.150)  4.186 
   Cr5   Cr7   (  0,  -1,   0)  2.6561   ( 2.214, -3.550, -0.150)  4.186 
   Cr1   Cr3   (  0,   0,   0)  2.6545   (-2.214,  3.550,  0.150)  4.186 
   Cr2   Cr6   (  0,   0,   0)  2.5484   ( 4.181, -0.143, -0.150)  4.186 
   Cr3   Cr1   (  0,   0,   0)  2.6545   ( 2.214, -3.550, -0.150)  4.186 
   Cr3   Cr7   (  0,   0,   0)  2.5414   ( 4.181, -0.143, -0.150)  4.186 
   Cr6   Cr2   (  0,   0,   0)  2.5484   (-4.181,  0.143,  0.150)  4.186 
   Cr7   Cr3   (  0,   0,   0)  2.5414   (-4.181,  0.143,  0.150)  4.186 
   Cr6   Cr8   (  0,   0,   0)  2.6464   (-2.214,  3.550,  0.150)  4.186 
   Cr8   Cr6   (  0,   0,   0)  2.6464   ( 2.214, -3.550, -0.150)  4.186 
   Cr11  Cr8   (  0,  -1,   0)  9.2454   ( 1.844, -3.336, -3.010)  4.857 
   Cr8   Cr11  (  0,   1,   0)  9.2454   (-1.844,  3.336,  3.010)  4.857 
   Cr2   Cr10  (  0,   0,   0)  9.2531   (-1.844,  3.336,  3.010)  4.857 
   Cr8   Cr10  (  0,   0,   0)  9.2595   (-3.811, -0.071,  3.010)  4.857 
   Cr10  Cr2   (  0,   0,   0)  9.2531   ( 1.844, -3.336, -3.010)  4.857 
   Cr10  Cr8   (  0,   0,   0)  9.2595   ( 3.811,  0.071, -3.010)  4.857 
   Cr9   Cr3   (  0,  -1,   0)  9.2626   ( 1.844, -3.336, -3.010)  4.857 
   Cr11  Cr2   (  1,   0,   0)  9.2625   ( 3.811,  0.071, -3.010)  4.857 
   Cr2   Cr11  ( -1,   0,   0)  9.2625   (-3.811, -0.071,  3.010)  4.857 
   Cr3   Cr9   (  0,   1,   0)  9.2626   (-1.844,  3.336,  3.010)  4.857 
   Cr5   Cr9   (  0,   0,   0)  9.2754   (-3.811, -0.071,  3.010)  4.857 
   Cr5   Cr12  (  0,   0,   0)  9.2623   (-1.844,  3.336,  3.010)  4.857 
   Cr9   Cr5   (  0,   0,   0)  9.2754   ( 3.811,  0.071, -3.010)  4.857 
   Cr12  Cr5   (  0,   0,   0)  9.2623   ( 1.844, -3.336, -3.010)  4.857 
   Cr1   Cr11  (  0,   0,  -1)  9.2578   ( 3.811,  0.071, -3.010)  4.857 
   Cr6   Cr9   (  1,   0,   0)  9.2711   ( 3.811,  0.071, -3.010)  4.857 
   Cr12  Cr3   (  1,   0,   0)  9.2740   ( 3.811,  0.071, -3.010)  4.857 
   Cr3   Cr12  ( -1,   0,   0)  9.2740   (-3.811, -0.071,  3.010)  4.857 
   Cr9   Cr6   ( -1,   0,   0)  9.2711   (-3.811, -0.071,  3.010)  4.857 
   Cr1   Cr10  (  0,  -1,  -1)  9.2470   ( 1.844, -3.336, -3.010)  4.857 
   Cr11  Cr1   (  0,   0,   1)  9.2578   (-3.811, -0.071,  3.010)  4.857 
   Cr7   Cr10  (  1,   0,  -1)  9.2751   ( 3.811,  0.071, -3.010)  4.857 
   Cr10  Cr7   ( -1,   0,   1)  9.2751   (-3.811, -0.071,  3.010)  4.857 
   Cr4   Cr12  (  0,   0,   0)  9.2774   ( 3.811,  0.071, -3.010)  4.857 
   Cr12  Cr4   (  0,   0,   0)  9.2774   (-3.811, -0.071,  3.010)  4.857 
   Cr7   Cr11  (  0,   0,  -1)  9.2505   ( 1.844, -3.336, -3.010)  4.857 
   Cr6   Cr12  (  0,  -1,   0)  9.2679   ( 1.844, -3.336, -3.010)  4.857 
   Cr12  Cr6   (  0,   1,   0)  9.2679   (-1.844,  3.336,  3.010)  4.857 
   Cr11  Cr7   (  0,   0,   1)  9.2505   (-1.844,  3.336,  3.010)  4.857 
   Cr10  Cr1   (  0,   1,   1)  9.2470   (-1.844,  3.336,  3.010)  4.857 
   Cr4   Cr9   (  0,   0,   0)  9.2532   ( 1.844, -3.336, -3.010)  4.857 
   Cr9   Cr4   (  0,   0,   0)  9.2532   (-1.844,  3.336,  3.010)  4.857 
   Cr11  Cr4   (  0,  -1,   0)  7.5005   (-1.844, -3.478, -3.160)  5.048 
   Cr6   Cr10  (  1,   0,   0)  7.5155   ( 1.844,  3.478,  3.160)  5.048 
   Cr10  Cr6   ( -1,   0,   0)  7.5155   (-1.844, -3.478, -3.160)  5.048 
   Cr4   Cr11  (  0,   1,   0)  7.5005   ( 1.844,  3.478,  3.160)  5.048 
   Cr6   Cr10  (  0,  -1,   0)  7.5162   (-2.090, -3.336,  3.160)  5.048 
   Cr11  Cr4   (  1,   0,   0)  7.5244   ( 2.090,  3.336, -3.160)  5.048 
   Cr4   Cr11  ( -1,   0,   0)  7.5244   (-2.090, -3.336,  3.160)  5.048 
   Cr1   Cr12  (  0,   0,   0)  7.5097   ( 1.844,  3.478,  3.160)  5.048 
   Cr12  Cr1   (  0,   0,   0)  7.5097   (-1.844, -3.478, -3.160)  5.048 
   Cr1   Cr12  ( -1,  -1,   0)  7.5309   (-2.090, -3.336,  3.160)  5.048 
   Cr9   Cr7   ( -1,  -1,   0)  7.4984   (-1.844, -3.478, -3.160)  5.048 
   Cr9   Cr8   ( -1,  -1,   0)  7.5354   (-2.090, -3.336,  3.160)  5.048 
   Cr10  Cr6   (  0,   1,   0)  7.5162   ( 2.090,  3.336, -3.160)  5.048 
   Cr7   Cr9   (  1,   1,   0)  7.4984   ( 1.844,  3.478,  3.160)  5.048 
   Cr8   Cr9   (  1,   1,   0)  7.5354   ( 2.090,  3.336, -3.160)  5.048 
   Cr12  Cr1   (  1,   1,   0)  7.5309   ( 2.090,  3.336, -3.160)  5.048 
   Cr3   Cr11  (  0,   1,  -1)  7.5037   ( 2.090,  3.336, -3.160)  5.048 
   Cr5   Cr10  (  1,   0,  -1)  7.5375   ( 2.090,  3.336, -3.160)  5.048 
   Cr11  Cr3   (  0,  -1,   1)  7.5037   (-2.090, -3.336,  3.160)  5.048 
   Cr2   Cr12  (  0,   0,   0)  7.5199   ( 2.090,  3.336, -3.160)  5.048 
   Cr7   Cr9   (  0,   0,   0)  7.5216   (-2.090, -3.336,  3.160)  5.048 
   Cr9   Cr7   (  0,   0,   0)  7.5216   ( 2.090,  3.336, -3.160)  5.048 
   Cr12  Cr2   (  0,   0,   0)  7.5199   (-2.090, -3.336,  3.160)  5.048 
   Cr2   Cr12  ( -1,  -1,   0)  7.4997   (-1.844, -3.478, -3.160)  5.048 
   Cr5   Cr10  (  0,  -1,  -1)  7.5017   (-1.844, -3.478, -3.160)  5.048 
   Cr12  Cr2   (  1,   1,   0)  7.4997   ( 1.844,  3.478,  3.160)  5.048 
   Cr10  Cr5   (  0,   1,   1)  7.5017   ( 1.844,  3.478,  3.160)  5.048 
   Cr10  Cr5   ( -1,   0,   1)  7.5375   (-2.090, -3.336,  3.160)  5.048 
   Cr8   Cr9   (  0,   0,   0)  7.5123   (-1.844, -3.478, -3.160)  5.048 
   Cr9   Cr8   (  0,   0,   0)  7.5123   ( 1.844,  3.478,  3.160)  5.048 
   Cr3   Cr11  ( -1,   0,  -1)  7.5168   (-1.844, -3.478, -3.160)  5.048 
   Cr11  Cr3   (  1,   0,   1)  7.5168   ( 1.844,  3.478,  3.160)  5.048 
   Cr2   Cr11  (  0,   0,   0)  4.8746   ( 4.057, -0.071,  3.010)  5.053 
   Cr11  Cr2   (  0,   0,   0)  4.8746   (-4.057,  0.071, -3.010)  5.053 
   Cr2   Cr10  (  0,  -1,   0)  4.8786   ( 2.090, -3.478,  3.010)  5.053 
   Cr10  Cr2   (  0,   1,   0)  4.8786   (-2.090,  3.478, -3.010)  5.053 
   Cr8   Cr11  (  0,   0,   0)  4.8675   ( 2.090, -3.478,  3.010)  5.053 
   Cr11  Cr8   (  0,   0,   0)  4.8675   (-2.090,  3.478, -3.010)  5.053 
   Cr5   Cr9   (  1,   0,   0)  4.8817   ( 4.057, -0.071,  3.010)  5.053 
   Cr8   Cr10  (  1,   0,   0)  4.8682   ( 4.057, -0.071,  3.010)  5.053 
   Cr9   Cr5   ( -1,   0,   0)  4.8817   (-4.057,  0.071, -3.010)  5.053 
   Cr10  Cr8   ( -1,   0,   0)  4.8682   (-4.057,  0.071, -3.010)  5.053 
   Cr12  Cr5   (  0,   1,   0)  4.8909   (-2.090,  3.478, -3.010)  5.053 
   Cr3   Cr12  (  0,   0,   0)  4.8887   ( 4.057, -0.071,  3.010)  5.053 
   Cr12  Cr3   (  0,   0,   0)  4.8887   (-4.057,  0.071, -3.010)  5.053 
   Cr1   Cr10  (  0,   0,  -1)  4.8753   (-2.090,  3.478, -3.010)  5.053 
   Cr5   Cr12  (  0,  -1,   0)  4.8909   ( 2.090, -3.478,  3.010)  5.053 
   Cr9   Cr4   (  0,  -1,   0)  4.8867   ( 2.090, -3.478,  3.010)  5.053 
   Cr12  Cr4   (  1,   0,   0)  4.8821   ( 4.057, -0.071,  3.010)  5.053 
   Cr4   Cr12  ( -1,   0,   0)  4.8821   (-4.057,  0.071, -3.010)  5.053 
   Cr4   Cr9   (  0,   1,   0)  4.8867   (-2.090,  3.478, -3.010)  5.053 
   Cr1   Cr11  ( -1,   0,  -1)  4.8794   (-4.057,  0.071, -3.010)  5.053 
   Cr10  Cr1   (  0,   0,   1)  4.8753   ( 2.090, -3.478,  3.010)  5.053 
   Cr7   Cr11  (  0,   1,  -1)  4.8780   (-2.090,  3.478, -3.010)  5.053 
   Cr11  Cr1   (  1,   0,   1)  4.8794   ( 4.057, -0.071,  3.010)  5.053 
   Cr3   Cr9   (  0,   0,   0)  4.8770   ( 2.090, -3.478,  3.010)  5.053 
   Cr9   Cr3   (  0,   0,   0)  4.8770   (-2.090,  3.478, -3.010)  5.053 
   Cr7   Cr10  (  0,   0,  -1)  4.8784   (-4.057,  0.071, -3.010)  5.053 
   Cr10  Cr7   (  0,   0,   1)  4.8784   ( 4.057, -0.071,  3.010)  5.053 
   Cr11  Cr7   (  0,  -1,   1)  4.8780   ( 2.090, -3.478,  3.010)  5.053 
   Cr6   Cr9   (  0,   0,   0)  4.8760   (-4.057,  0.071, -3.010)  5.053 
   Cr6   Cr12  (  0,   0,   0)  4.8716   (-2.090,  3.478, -3.010)  5.053 
   Cr9   Cr6   (  0,   0,   0)  4.8760   ( 4.057, -0.071,  3.010)  5.053 
   Cr12  Cr6   (  0,   0,   0)  4.8716   ( 2.090, -3.478,  3.010)  5.053 
   Cr1   Cr2   (  0,   0,  -1)  0.0194   (-0.247,  0.143, -6.020)  6.027 
   Cr7   Cr8   (  0,   0,  -1)  0.0161   (-0.247,  0.143, -6.020)  6.027 
   Cr2   Cr1   (  0,   0,   1)  0.0194   ( 0.247, -0.143,  6.020)  6.027 
   Cr8   Cr7   (  0,   0,   1)  0.0161   ( 0.247, -0.143,  6.020)  6.027 
   Cr3   Cr4   (  0,   0,   0)  0.0165   ( 0.247, -0.143,  6.020)  6.027 
   Cr4   Cr3   (  0,   0,   0)  0.0165   (-0.247,  0.143, -6.020)  6.027 
   Cr5   Cr6   (  0,   0,   0)  0.0181   ( 0.247, -0.143,  6.020)  6.027 
   Cr6   Cr5   (  0,   0,   0)  0.0181   (-0.247,  0.143, -6.020)  6.027 
   Cr3   Cr4   (  0,   0,  -1)  0.9344   ( 0.247, -0.143, -6.320)  6.326 
   Cr5   Cr6   (  0,   0,  -1)  0.9328   ( 0.247, -0.143, -6.320)  6.326 
   Cr4   Cr3   (  0,   0,   1)  0.9344   (-0.247,  0.143,  6.320)  6.326 
   Cr6   Cr5   (  0,   0,   1)  0.9328   (-0.247,  0.143,  6.320)  6.326 
   Cr1   Cr2   (  0,   0,   0)  0.9329   (-0.247,  0.143,  6.320)  6.326 
   Cr2   Cr1   (  0,   0,   0)  0.9329   ( 0.247, -0.143, -6.320)  6.326 
   Cr7   Cr8   (  0,   0,   0)  0.9342   (-0.247,  0.143,  6.320)  6.326 
   Cr8   Cr7   (  0,   0,   0)  0.9342   ( 0.247, -0.143, -6.320)  6.326 
   Cr2   Cr4   ( -1,  -1,   0)  0.9303   (-5.654, -3.550, -0.150)  6.678 
   Cr4   Cr8   ( -1,  -1,   0)  0.9430   (-0.247, -6.671,  0.150)  6.678 
   Cr5   Cr7   ( -1,  -1,   0)  0.9298   (-5.654, -3.550, -0.150)  6.678 
   Cr8   Cr6   ( -1,   0,   0)  0.9291   (-5.654, -3.550, -0.150)  6.678 
   Cr4   Cr2   (  1,   1,   0)  0.9303   ( 5.654,  3.550,  0.150)  6.678 
   Cr7   Cr5   (  1,   1,   0)  0.9298   ( 5.654,  3.550,  0.150)  6.678 
   Cr1   Cr5   ( -1,  -1,   0)  0.9474   (-0.247, -6.671,  0.150)  6.678 
   Cr7   Cr3   (  0,  -1,   0)  0.9448   (-0.247, -6.671,  0.150)  6.678 
   Cr1   Cr3   (  1,   0,   0)  0.9331   ( 5.654,  3.550,  0.150)  6.678 
   Cr6   Cr8   (  1,   0,   0)  0.9291   ( 5.654,  3.550,  0.150)  6.678 
   Cr3   Cr1   ( -1,   0,   0)  0.9331   (-5.654, -3.550, -0.150)  6.678 
   Cr5   Cr1   (  1,   1,   0)  0.9474   ( 0.247,  6.671, -0.150)  6.678 
   Cr8   Cr4   (  1,   1,   0)  0.9430   ( 0.247,  6.671, -0.150)  6.678 
   Cr6   Cr2   (  0,  -1,   0)  0.9469   (-0.247, -6.671,  0.150)  6.678 
   Cr2   Cr6   (  0,   1,   0)  0.9469   ( 0.247,  6.671, -0.150)  6.678 
   Cr3   Cr7   (  0,   1,   0)  0.9448   ( 0.247,  6.671, -0.150)  6.678 
   Cr3   Cr5   ( -1,   1,   0)  0.0855   (-5.901,  3.407,  0.000)  6.814 
   Cr5   Cr3   (  1,  -1,   0)  0.0855   ( 5.901, -3.407,  0.000)  6.814 
   Cr8   Cr2   (  0,   1,   0)  0.0868   (-5.901,  3.407,  0.000)  6.814 
   Cr4   Cr6   ( -1,   1,   0)  0.0877   (-5.901,  3.407,  0.000)  6.814 
   Cr2   Cr8   (  0,  -1,   0)  0.0868   ( 5.901, -3.407,  0.000)  6.814 
   Cr6   Cr4   (  1,  -1,   0)  0.0877   ( 5.901, -3.407,  0.000)  6.814 
   Cr10  Cr11  (  0,   0,   0) -0.0585   ( 5.901, -3.407,  0.000)  6.814 
   Cr11  Cr10  (  0,   0,   0) -0.0585   (-5.901,  3.407,  0.000)  6.814 
   Cr1   Cr7   (  0,  -1,   0)  0.0886   ( 5.901, -3.407,  0.000)  6.814 
   Cr9   Cr12  (  0,  -1,   0) -0.0575   ( 5.901, -3.407,  0.000)  6.814 
   Cr7   Cr1   (  1,   0,   0)  0.0856   ( 5.901, -3.407,  0.000)  6.814 
   Cr8   Cr2   (  1,   0,   0)  0.0890   ( 5.901, -3.407,  0.000)  6.814 
   Cr12  Cr9   (  1,   0,   0) -0.0592   ( 5.901, -3.407,  0.000)  6.814 
   Cr1   Cr7   ( -1,   0,   0)  0.0856   (-5.901,  3.407,  0.000)  6.814 
   Cr2   Cr8   ( -1,   0,   0)  0.0890   (-5.901,  3.407,  0.000)  6.814 
   Cr9   Cr12  ( -1,   0,   0) -0.0592   (-5.901,  3.407,  0.000)  6.814 
   Cr7   Cr1   (  0,   1,   0)  0.0886   (-5.901,  3.407,  0.000)  6.814 
   Cr12  Cr9   (  0,   1,   0) -0.0575   (-5.901,  3.407,  0.000)  6.814 
   Cr10  Cr11  ( -1,   1,   0) -0.0567   (-5.901,  3.407,  0.000)  6.814 
   Cr11  Cr10  (  1,  -1,   0) -0.0567   ( 5.901, -3.407,  0.000)  6.814 
   Cr3   Cr5   (  0,   0,   0)  0.0859   ( 5.901, -3.407,  0.000)  6.814 
   Cr4   Cr6   (  0,   0,   0)  0.0872   ( 5.901, -3.407,  0.000)  6.814 
   Cr5   Cr3   (  0,   0,   0)  0.0859   (-5.901,  3.407,  0.000)  6.814 
   Cr6   Cr4   (  0,   0,   0)  0.0872   (-5.901,  3.407,  0.000)  6.814 
   Cr2   Cr6   ( -1,  -1,   0)  0.1908   ( 0.247, -6.956, -0.150)  6.962 
   Cr5   Cr1   (  0,  -1,   0)  0.1911   ( 0.247, -6.956, -0.150)  6.962 
   Cr8   Cr4   (  0,  -1,   0)  0.1902   ( 0.247, -6.956, -0.150)  6.962 
   Cr2   Cr4   (  1,   0,   0)  0.1762   ( 6.148,  3.264, -0.150)  6.962 
   Cr5   Cr7   (  1,   0,   0)  0.1674   ( 6.148,  3.264, -0.150)  6.962 
   Cr4   Cr2   ( -1,   0,   0)  0.1762   (-6.148, -3.264,  0.150)  6.962 
   Cr1   Cr5   (  0,   1,   0)  0.1911   (-0.247,  6.956,  0.150)  6.962 
   Cr4   Cr8   (  0,   1,   0)  0.1902   (-0.247,  6.956,  0.150)  6.962 
   Cr3   Cr1   (  1,   1,   0)  0.1775   ( 6.148,  3.264, -0.150)  6.962 
   Cr6   Cr2   (  1,   1,   0)  0.1908   (-0.247,  6.956,  0.150)  6.962 
   Cr1   Cr3   ( -1,  -1,   0)  0.1775   (-6.148, -3.264,  0.150)  6.962 
   Cr3   Cr7   ( -1,  -1,   0)  0.1922   ( 0.247, -6.956, -0.150)  6.962 
   Cr6   Cr8   ( -1,  -1,   0)  0.1747   (-6.148, -3.264,  0.150)  6.962 
   Cr7   Cr5   ( -1,   0,   0)  0.1674   (-6.148, -3.264,  0.150)  6.962 
   Cr7   Cr3   (  1,   1,   0)  0.1922   (-0.247,  6.956,  0.150)  6.962 
   Cr8   Cr6   (  1,   1,   0)  0.1747   ( 6.148,  3.264, -0.150)  6.962 
