#----------------------------------------------------------------------------------------------------------------------------------------------------------
# Output file for vampire simulation
#   time       : 2025-02-18 10:55:04     process id : 39909
#   hostname   : GRBE200AHCXJDZ3
#   path       : /home/barad/CrTe_x_vampire/TB2J+Vampire_Bulk/Cr3Te4/Vampire
#   version    : 7.0.0
#   githash    : e017e798022a7c964d4c6aafc8ff97a7f63fd6bd
#----------------------------------------------------------------------------------------------------------------------------------------------------------
0          	0.999994   	-0.00353323	9.40281e-11	1          	0.999997   	-0.00262319	1.52114e-09	1          	
20         	0.999997   	-0.00234181	0.000139716	0.978004   	0.999998   	-0.00164237	-0.0005584 	0.983545   	
40         	0.999994   	-0.00354955	-0.000150581	0.954947   	0.999999   	-0.000106518	0.00106613 	0.966388   	
60         	0.99999    	-0.00431717	0.00115488 	0.930768   	0.99999    	-0.00417711	-0.00149291	0.947919   	
80         	0.999997   	-0.00221916	0.000844751	0.905148   	0.999998   	-0.00212008	6.08289e-05	0.928566   	
100        	0.999998   	-0.0014155 	0.00133666 	0.879012   	0.999999   	0.00128506 	0.00054715 	0.907442   	
120        	0.999993   	-0.00351921	0.0014171  	0.849625   	0.999992   	-0.00409062	-0.000330995	0.885754   	
140        	0.999999   	-0.000371938	-0.000939877	0.81965    	0.999992   	-0.00386285	0.00119913 	0.862528   	
160        	0.999986   	-0.00448116	-0.00297214	0.787136   	0.999993   	-0.00365801	0.00111591 	0.83381    	
180        	0.999987   	-0.00228272	-0.00448918	0.749841   	0.999993   	-0.00280971	-0.00227377	0.80538    	
200        	0.999997   	-0.000485488	-0.00239165	0.70973    	0.999983   	-0.00133211	0.00561211 	0.773287   	
220        	0.999999   	0.000452002	0.00157768 	0.667164   	0.999999   	0.00111333 	0.000756819	0.735018   	
240        	0.999988   	-0.00477867	0.00126507 	0.606219   	0.999996   	0.00262554 	0.00118817 	0.679131   	
260        	0.999942   	-0.000700826	0.0107596  	0.544508   	0.999915   	-0.00363341	-0.0125532 	0.623301   	
280        	0.999937   	0.0105372  	-0.00383466	0.469774   	0.999995   	-0.00292515	0.00124027 	0.539692   	
300        	0.999996   	0.00132539 	-0.0023034 	0.339909   	0.99998    	-0.00639093	0.000321892	0.397276   	
320        	0.97434    	0.213557   	0.071096   	0.0187727  	0.998328   	0.05763    	-0.00456658	0.0216741  	
340        	-0.995499  	-0.0524074 	-0.078961  	0.0171142  	-0.927139  	0.0783892  	-0.366426  	0.0195921  	
360        	0.533933   	-0.0443855 	-0.844361  	0.00512878 	0.371979   	-0.863518  	0.340541   	0.0106769  	
380        	-0.606427  	0.720062   	0.337279   	0.00354448 	-0.196349  	-0.782176  	0.59131    	0.0065644  	
400        	-0.996041  	-0.0553919 	-0.0695236 	0.00894293 	-0.936867  	-0.288059  	-0.198247  	0.0163436  	
