#----------------------------------------------------------------------------------------------------------------------------------------------------------
# Output file for vampire simulation
#   time       : 2025-02-17 21:23:54     process id : 37591
#   hostname   : GRBE200AHCXJDZ3
#   path       : /home/barad/CrTe_x_vampire/TB2J+Vampire_Bulk/Cr5Te8/Vampire
#   version    : 7.0.0
#   githash    : e017e798022a7c964d4c6aafc8ff97a7f63fd6bd
#----------------------------------------------------------------------------------------------------------------------------------------------------------
0          	0          	0          	1          	1          	0          	0          	1          	1          	0          	0          	1          	1          	
15         	0.00538249 	0.00985657 	0.999937   	0.977204   	0.00412532 	0.00858701 	0.999955   	0.969192   	0.00439381 	0.00839576 	0.999955   	0.961188   	
30         	-0.00932072	-0.00196755	0.999955   	0.952228   	-0.00805081	0.000556178	0.999967   	0.936482   	-0.00180055	-0.00198124	0.999996   	0.919803   	
45         	0.0137217  	0.0181272  	0.999742   	0.925341   	0.0156602  	0.01909    	0.999695   	0.901316   	0.0116211  	0.0133204  	0.999844   	0.879087   	
60         	0.00305399 	-0.00591753	0.999978   	0.897236   	-0.00226349	-0.00212376	0.999995   	0.866253   	0.00313052 	0.00644283 	0.999974   	0.831713   	
75         	-0.0102677 	-0.0160903 	0.999818   	0.868303   	-0.00705624	-0.020829  	0.999758   	0.825466   	-0.00226704	-0.0211064 	0.999775   	0.786005   	
90         	-0.00244283	0.0256481  	0.999668   	0.834026   	-0.00850243	0.0111492  	0.999902   	0.779609   	-0.0140136 	0.0128524  	0.999819   	0.726339   	
105        	0.0321398  	0.00672301 	0.999461   	0.794405   	0.0389217  	0.000412458	0.999242   	0.733952   	0.0340926  	0.00428247 	0.99941    	0.675765   	
120        	-0.0011228 	0.000663373	0.999999   	0.746919   	0.00144084 	0.00200295 	0.999997   	0.676547   	-0.00222374	0.00330759 	0.999992   	0.609603   	
135        	-0.0221731 	0.0510883  	0.998448   	0.686362   	-0.026019  	0.0585917  	0.997943   	0.603116   	-0.0422834 	0.0602527  	0.997287   	0.521157   	
150        	0.10337    	-0.0465878 	0.993551   	0.606726   	0.102388   	-0.0411243 	0.993894   	0.513685   	0.120223   	-0.022192  	0.992499   	0.436812   	
165        	-0.121476  	-0.00128083	0.992594   	0.475981   	-0.135319  	-0.00157215	0.990801   	0.392329   	-0.0964412 	0.0224935  	0.995084   	0.329678   	
180        	0.310513   	0.435195   	-0.845096  	0.0639567  	0.435949   	0.486508   	-0.757138  	0.050172   	0.47766    	0.483433   	-0.733576  	0.0386734  	
195        	0.137841   	0.874315   	-0.465375  	0.0343927  	0.116091   	0.792508   	-0.59871   	0.0261985  	0.262742   	0.874106   	-0.40854   	0.0322238  	
210        	-0.671534  	0.731692   	0.116909   	0.00474738 	-0.178794  	0.944261   	0.276413   	0.00636263 	-0.68218   	0.495686   	0.537518   	0.0119994  	
225        	-0.662581  	0.052164   	-0.747172  	0.0229935  	-0.97837   	0.0276897  	-0.205     	0.00878663 	0.105781   	-0.815545  	0.568944   	0.00935302 	
240        	-0.551938  	0.415715   	0.722873   	0.013703   	-0.441602  	0.88456    	0.150135   	0.00833346 	0.382159   	0.909785   	0.162006   	0.0125598  	
255        	-0.0273244 	0.89091    	0.453357   	0.0147795  	-0.384369  	0.493149   	0.780426   	0.00929067 	0.40849    	0.830137   	0.379485   	0.0088806  	
270        	-0.69878   	0.155638   	0.6982     	0.00748142 	-0.335046  	0.854586   	0.396771   	0.00572391 	-0.316953  	0.0100094  	0.948389   	0.00655321 	
