#----------------------------------------------------------------------------------------------------------------------------------------------------------
# Output file for vampire simulation
#   time       : 2025-02-17 20:00:34     process id : 36794
#   hostname   : GRBE200AHCXJDZ3
#   path       : /home/barad/CrTe_x_vampire/TB2J+Vampire_Bulk/CrTe2/Vampire
#   version    : 7.0.0
#   githash    : e017e798022a7c964d4c6aafc8ff97a7f63fd6bd
#----------------------------------------------------------------------------------------------------------------------------------------------------------
0          	0          	0          	1          	1          	
20         	-0.829541  	-0.558435  	0.00343108 	0.974465   	
40         	-0.860176  	-0.509996  	0.00105205 	0.948111   	
60         	-0.82418   	-0.566191  	-0.0124721 	0.920415   	
80         	-0.836002  	-0.548674  	0.00752498 	0.89077    	
100        	-0.754344  	-0.656321  	0.0144208  	0.858522   	
120        	-0.811465  	-0.584381  	0.0048665  	0.826662   	
140        	-0.903558  	-0.42846   	0.00219935 	0.788581   	
160        	-0.7719    	-0.63456   	-0.0387822 	0.755345   	
180        	-0.597338  	-0.80181   	-0.016962  	0.707028   	
200        	-0.344322  	-0.938758  	0.0133056  	0.653518   	
220        	-0.0291976 	-0.99935   	0.0211544  	0.583876   	
240        	0.187003   	-0.982058  	0.0243209  	0.504558   	
260        	0.166481   	-0.981116  	0.0984673  	0.364635   	
280        	-0.641324  	-0.765224  	0.0559995  	0.0223038  	
300        	0.319873   	0.871156   	-0.372516  	0.0208513  	
320        	-0.739364  	0.388149   	-0.550165  	0.0169013  	
340        	0.631251   	-0.671868  	-0.387448  	0.0121479  	
