#----------------------------------------------------------------------------------------------------------------------------------------------------------
# Output file for vampire simulation
#   time       : 2025-02-17 21:46:41     process id : 37828
#   hostname   : GRBE200AHCXJDZ3
#   path       : /home/barad/CrTe_x_vampire/TB2J+Vampire_Bulk/Cr3Te4/Vampire
#   version    : 7.0.0
#   githash    : e017e798022a7c964d4c6aafc8ff97a7f63fd6bd
#----------------------------------------------------------------------------------------------------------------------------------------------------------
0          	1          	0          	0          	1          	1          	0          	0          	1          	
20         	0.999643   	0.0264779  	0.00349824 	0.987107   	0.999657   	0.0258534  	0.00416788 	0.989958   	
40         	0.999364   	-0.0306725 	-0.0181743 	0.974089   	0.999345   	-0.0309443 	-0.0187594 	0.979524   	
60         	0.999745   	-0.0197919 	0.0108852  	0.960656   	0.999737   	-0.0196169 	0.0119202  	0.969038   	
80         	0.998857   	-0.0421015 	0.0226168  	0.946992   	0.998926   	-0.0396557 	0.0239637  	0.958576   	
100        	0.998472   	-0.0465953 	-0.0297216 	0.9337     	0.99864    	-0.0461156 	-0.0243087 	0.947856   	
120        	0.997044   	-0.0768208 	0.00116974 	0.919609   	0.997136   	-0.0756246 	0.000892061	0.937347   	
140        	0.999525   	-0.000982306	0.0307964  	0.903839   	0.999592   	-0.00112559	0.0285558  	0.924006   	
160        	0.996887   	0.0684211  	-0.0391728 	0.89039    	0.996925   	0.0685022  	-0.0380424 	0.91195    	
180        	0.992841   	0.119141   	-0.00846429	0.874296   	0.99268    	0.120453   	-0.008815  	0.901642   	
200        	0.998373   	0.0568912  	-0.00378243	0.858694   	0.998476   	0.0549183  	-0.00551338	0.886461   	
220        	0.999081   	-0.0320994 	-0.0283956 	0.842016   	0.998888   	-0.0384497 	-0.0272688 	0.875476   	
240        	0.9895     	-0.141232  	0.030724   	0.822909   	0.989046   	-0.1441    	0.0319981  	0.859712   	
260        	0.94712    	-0.317498  	0.0464509  	0.804427   	0.948507   	-0.313716  	0.0437873  	0.843269   	
280        	0.982057   	-0.179369  	0.0582375  	0.787884   	0.98228    	-0.179524  	0.0538293  	0.830001   	
300        	0.981881   	-0.189499  	-0.000782449	0.767821   	0.982298   	-0.187322  	0.00129499 	0.81022    	
320        	0.933347   	-0.356362  	0.043228   	0.746555   	0.931674   	-0.360304  	0.0465301  	0.796341   	
340        	0.913992   	-0.403757  	-0.0399956 	0.727949   	0.914028   	-0.403349  	-0.0431547 	0.778823   	
360        	0.804967   	-0.592643  	-0.0283457 	0.70753    	0.80572    	-0.591596  	-0.0287961 	0.756888   	
380        	0.621199   	-0.78348   	0.0164474  	0.68536    	0.618669   	-0.785609  	0.0081351  	0.743373   	
400        	0.821447   	-0.570285  	-0.000343267	0.657476   	0.820723   	-0.571326  	0.000191303	0.714766   	
