3 9 0 0 0 1.06318E-21
5 10 0 0 0 1.06166E-21
9 3 0 0 0 1.06318E-21
10 5 0 0 0 1.06166E-21
0 8 0 0 0 1.06267E-21
6 11 0 0 0 1.06565E-21
8 0 0 0 0 1.06267E-21
11 6 0 0 0 1.06565E-21
1 8 0 0 0 1.06991E-21
7 11 0 0 0 1.06837E-21
8 1 0 0 0 1.06991E-21
11 7 0 0 0 1.06837E-21
2 9 0 0 -1 1.06357E-21
4 10 0 0 -1 1.05987E-21
9 2 0 0 1 1.06357E-21
10 4 0 0 1 1.05987E-21
0 2 0 -1 0 7.20083E-22
5 7 0 -1 0 7.19827E-22
5 1 1 0 0 7.43424E-22
6 2 1 0 0 7.41277E-22
1 5 -1 0 0 7.43424E-22
2 6 -1 0 0 7.41277E-22
7 5 0 1 0 7.19827E-22
2 0 0 1 0 7.20083E-22
3 7 0 0 0 7.41037E-22
4 6 0 0 0 7.25177E-22
6 4 0 0 0 7.25177E-22
7 3 0 0 0 7.41037E-22
0 4 0 0 0 7.41053E-22
1 3 0 0 0 7.21076E-22
3 1 0 0 0 7.21076E-22
4 0 0 0 0 7.41053E-22
0 6 -1 -1 0 6.40303E-22
1 7 -1 -1 0 6.40255E-22
6 0 1 1 0 6.40303E-22
7 1 1 1 0 6.40255E-22
2 4 0 1 0 6.40784E-22
8 11 0 0 0 -3.87908E-22
11 8 0 0 0 -3.87908E-22
8 11 -1 -1 0 -3.89206E-22
4 2 0 -1 0 6.40784E-22
5 3 0 -1 0 6.40319E-22
10 9 0 -1 0 -3.86579E-22
4 2 1 0 0 6.39711E-22
5 3 1 0 0 6.40688E-22
10 9 1 0 0 -3.88165E-22
3 5 -1 0 0 6.40688E-22
9 10 -1 0 0 -3.88165E-22
9 10 0 1 0 -3.86579E-22
11 8 1 1 0 -3.89206E-22
2 4 -1 0 0 6.39711E-22
1 7 0 0 0 6.41409E-22
7 1 0 0 0 6.41409E-22
3 5 0 1 0 6.40319E-22
0 6 0 0 0 6.40143E-22
6 0 0 0 0 6.40143E-22
3 1 0 1 0 4.24754E-22
1 3 0 -1 0 4.24754E-22
4 0 1 0 0 4.06427E-22
7 3 1 0 0 4.06395E-22
0 4 -1 0 0 4.06427E-22
3 7 -1 0 0 4.06395E-22
6 4 0 1 0 4.25507E-22
4 6 0 -1 0 4.25507E-22
0 2 0 0 0 4.25251E-22
1 5 0 0 0 4.08254E-22
2 0 0 0 0 4.25251E-22
2 6 0 0 0 4.07132E-22
5 1 0 0 0 4.08254E-22
6 2 0 0 0 4.07132E-22
5 7 0 0 0 4.23953E-22
7 5 0 0 0 4.23953E-22
10 7 0 -1 0 1.48111E-21
7 10 0 1 0 1.48111E-21
1 9 0 0 0 1.48235E-21
7 9 0 0 0 1.48337E-21
9 1 0 0 0 1.48235E-21
9 7 0 0 0 1.48337E-21
8 2 0 -1 0 1.48387E-21
10 1 1 0 0 1.48385E-21
1 10 -1 0 0 1.48385E-21
2 8 0 1 0 1.48387E-21
4 8 0 0 0 1.48592E-21
4 11 0 0 0 1.48382E-21
8 4 0 0 0 1.48592E-21
11 4 0 0 0 1.48382E-21
0 10 0 0 -1 1.4831E-21
5 8 1 0 0 1.48523E-21
11 2 1 0 0 1.48569E-21
2 11 -1 0 0 1.48569E-21
8 5 -1 0 0 1.48523E-21
0 9 0 -1 -1 1.48137E-21
10 0 0 0 1 1.4831E-21
6 9 1 0 -1 1.48587E-21
9 6 -1 0 1 1.48587E-21
3 11 0 0 0 1.48624E-21
11 3 0 0 0 1.48624E-21
6 10 0 0 -1 1.48193E-21
5 11 0 -1 0 1.48472E-21
11 5 0 1 0 1.48472E-21
10 6 0 0 1 1.48193E-21
9 0 0 1 1 1.48137E-21
3 8 0 0 0 1.48236E-21
8 3 0 0 0 1.48236E-21
10 3 0 -1 0 1.20158E-21
5 9 1 0 0 1.20398E-21
9 5 -1 0 0 1.20398E-21
3 10 0 1 0 1.20158E-21
5 9 0 -1 0 1.2041E-21
10 3 1 0 0 1.20541E-21
3 10 -1 0 0 1.20541E-21
0 11 0 0 0 1.20305E-21
11 0 0 0 0 1.20305E-21
0 11 -1 -1 0 1.20645E-21
8 6 -1 -1 0 1.20124E-21
8 7 -1 -1 0 1.20717E-21
9 5 0 1 0 1.2041E-21
6 8 1 1 0 1.20124E-21
7 8 1 1 0 1.20717E-21
11 0 1 1 0 1.20645E-21
2 10 0 1 -1 1.20209E-21
4 9 1 0 -1 1.20751E-21
10 2 0 -1 1 1.20209E-21
1 11 0 0 0 1.20469E-21
6 8 0 0 0 1.20496E-21
8 6 0 0 0 1.20496E-21
11 1 0 0 0 1.20469E-21
1 11 -1 -1 0 1.20145E-21
4 9 0 -1 -1 1.20177E-21
11 1 1 1 0 1.20145E-21
9 4 0 1 1 1.20177E-21
9 4 -1 0 1 1.20751E-21
7 8 0 0 0 1.20347E-21
8 7 0 0 0 1.20347E-21
2 10 -1 0 -1 1.20419E-21
10 2 1 0 1 1.20419E-21
1 10 0 0 0 7.80911E-22
10 1 0 0 0 7.80911E-22
1 9 0 -1 0 7.81552E-22
9 1 0 1 0 7.81552E-22
7 10 0 0 0 7.79774E-22
10 7 0 0 0 7.79774E-22
4 8 1 0 0 7.82048E-22
7 9 1 0 0 7.79886E-22
8 4 -1 0 0 7.82048E-22
9 7 -1 0 0 7.79886E-22
11 4 0 1 0 7.83522E-22
2 11 0 0 0 7.8317E-22
11 2 0 0 0 7.8317E-22
0 9 0 0 -1 7.81023E-22
4 11 0 -1 0 7.83522E-22
8 3 0 -1 0 7.82849E-22
11 3 1 0 0 7.82112E-22
3 11 -1 0 0 7.82112E-22
3 8 0 1 0 7.82849E-22
0 10 -1 0 -1 7.8168E-22
9 0 0 0 1 7.81023E-22
6 10 0 1 -1 7.81456E-22
10 0 1 0 1 7.8168E-22
2 8 0 0 0 7.81295E-22
8 2 0 0 0 7.81295E-22
6 9 0 0 -1 7.8152E-22
9 6 0 0 1 7.8152E-22
10 6 0 -1 1 7.81456E-22
5 8 0 0 0 7.81135E-22
5 11 0 0 0 7.8043E-22
8 5 0 0 0 7.81135E-22
11 5 0 0 0 7.8043E-22
0 1 0 0 -1 3.10788E-24
6 7 0 0 -1 2.57922E-24
1 0 0 0 1 3.10788E-24
7 6 0 0 1 2.57922E-24
2 3 0 0 0 2.6433E-24
3 2 0 0 0 2.6433E-24
4 5 0 0 0 2.89962E-24
5 4 0 0 0 2.89962E-24
2 3 0 0 -1 1.49691E-22
4 5 0 0 -1 1.49435E-22
3 2 0 0 1 1.49691E-22
5 4 0 0 1 1.49435E-22
0 1 0 0 0 1.49451E-22
1 0 0 0 0 1.49451E-22
6 7 0 0 0 1.49659E-22
7 6 0 0 0 1.49659E-22
1 3 -1 -1 0 1.49034E-22
3 7 -1 -1 0 1.51069E-22
4 6 -1 -1 0 1.48954E-22
7 5 -1 0 0 1.48842E-22
3 1 1 1 0 1.49034E-22
6 4 1 1 0 1.48954E-22
0 4 -1 -1 0 1.51773E-22
6 2 0 -1 0 1.51357E-22
0 2 1 0 0 1.49483E-22
5 7 1 0 0 1.48842E-22
2 0 -1 0 0 1.49483E-22
4 0 1 1 0 1.51773E-22
7 3 1 1 0 1.51069E-22
5 1 0 -1 0 1.51693E-22
1 5 0 1 0 1.51693E-22
2 6 0 1 0 1.51357E-22
2 4 -1 1 0 1.36971E-23
4 2 1 -1 0 1.36971E-23
7 1 0 1 0 1.39054E-23
3 5 -1 1 0 1.40495E-23
1 7 0 -1 0 1.39054E-23
5 3 1 -1 0 1.40495E-23
9 10 0 0 0 -9.3717E-24
10 9 0 0 0 -9.3717E-24
0 6 0 -1 0 1.41937E-23
8 11 0 -1 0 -9.2115E-24
6 0 1 0 0 1.37131E-23
7 1 1 0 0 1.42578E-23
11 8 1 0 0 -9.48384E-24
0 6 -1 0 0 1.37131E-23
1 7 -1 0 0 1.42578E-23
8 11 -1 0 0 -9.48384E-24
6 0 0 1 0 1.41937E-23
11 8 0 1 0 -9.2115E-24
9 10 -1 1 0 -9.08334E-24
10 9 1 -1 0 -9.08334E-24
2 4 0 0 0 1.37612E-23
3 5 0 0 0 1.39694E-23
4 2 0 0 0 1.37612E-23
5 3 0 0 0 1.39694E-23
1 5 -1 -1 0 3.05662E-23
4 0 0 -1 0 3.06142E-23
7 3 0 -1 0 3.047E-23
1 3 1 0 0 2.82272E-23
4 6 1 0 0 2.68175E-23
3 1 -1 0 0 2.82272E-23
0 4 0 1 0 3.06142E-23
3 7 0 1 0 3.047E-23
2 0 1 1 0 2.84355E-23
5 1 1 1 0 3.05662E-23
0 2 -1 -1 0 2.84355E-23
2 6 -1 -1 0 3.07904E-23
5 7 -1 -1 0 2.79869E-23
6 4 -1 0 0 2.68175E-23
6 2 1 1 0 3.07904E-23
7 5 1 1 0 2.79869E-23
