#----------------------------------------------------------------------------------------------------------------------------------------------------------
# Output file for vampire simulation
#   time       : 2025-01-27 18:27:50     process id : 1845
#   hostname   : GRBE200AHCXJDZ3
#   path       : /home/barad/CrTe_x_vampire/TB2J_Jeonghoon/updated_TB2J/Bulk/Cr3Te4_trigonal/Vampire
#   version    : 7.0.0
#   githash    : e017e798022a7c964d4c6aafc8ff97a7f63fd6bd
#----------------------------------------------------------------------------------------------------------------------------------------------------------
0          	-0.0221317 	-0.0140168 	0.999657   	1          	-0.0221089 	-0.0140026 	0.999658   	1          	
10         	-0.997926  	-0.0620331 	0.0171852  	0.986186   	-0.997895  	-0.0629003 	0.0157945  	0.987919   	
20         	-0.996098  	-0.0864406 	-0.0178044 	0.972737   	-0.99581   	-0.0897894 	-0.0173138 	0.977325   	
30         	-0.969821  	-0.243143  	0.0181032  	0.957437   	-0.969041  	-0.246192  	0.0186976  	0.964722   	
40         	-0.99481   	-0.0929897 	-0.0413139 	0.943631   	-0.99504   	-0.093266  	-0.0346039 	0.952095   	
50         	-0.98491   	0.17296    	0.00605701 	0.925084   	-0.98392   	0.178602   	0.00164446 	0.938605   	
60         	-0.975426  	-0.208151  	0.0722352  	0.912305   	-0.97705   	-0.204788  	0.0586085  	0.928919   	
70         	-0.972192  	-0.234172  	0.00233309 	0.896586   	-0.971351  	-0.237575  	0.00590948 	0.910188   	
80         	-0.879119  	0.473339   	-0.0556835 	0.874849   	-0.880229  	0.470875   	-0.0589317 	0.896594   	
90         	-0.9718    	0.208826   	0.109531   	0.861961   	-0.97202   	0.201205   	0.121215   	0.884962   	
100        	-0.996221  	0.078668   	-0.0368132 	0.846316   	-0.997229  	0.0654367  	-0.0353983 	0.867267   	
110        	-0.992586  	0.1136     	0.043214   	0.821024   	-0.992561  	0.114716   	0.0407732  	0.84947    	
120        	-0.982059  	0.146953   	-0.118177  	0.812052   	-0.984607  	0.131152   	-0.115534  	0.83331    	
130        	-0.994963  	-0.0455018 	0.089324   	0.790207   	-0.994562  	-0.0572932 	0.0869677  	0.817623   	
140        	-0.791642  	0.610554   	-0.022948  	0.761883   	-0.796179  	0.60454    	-0.0251147 	0.7973     	
150        	-0.432816  	0.900745   	-0.0364623 	0.746499   	-0.436073  	0.899392   	-0.030575  	0.77811    	
160        	-0.616011  	0.779795   	-0.111582  	0.726284   	-0.605371  	0.789178   	-0.103558  	0.752095   	
170        	-0.888123  	0.457864   	-0.0399859 	0.69769    	-0.886525  	0.46179    	-0.0286816 	0.729188   	
180        	-0.0645378 	0.99744    	0.0307863  	0.674347   	-0.0818719 	0.996017   	0.0353126  	0.713126   	
190        	0.737987   	0.674815   	0.000268731	0.643293   	0.731844   	0.681446   	0.00600454 	0.678162   	
200        	0.698939   	0.712229   	0.0649096  	0.609271   	0.682113   	0.728673   	0.0612956  	0.659098   	
210        	0.947311   	0.320179   	0.00935775 	0.558045   	0.951434   	0.307784   	0.0064793  	0.591796   	
220        	0.462059   	-0.854024  	0.239048   	0.546526   	0.459559   	-0.859043  	0.225501   	0.595529   	
230        	0.985259   	-0.107897  	0.132754   	0.480391   	0.981008   	-0.141113  	0.133078   	0.513639   	
240        	0.51415    	0.855443   	-0.0621832 	0.425595   	0.515043   	0.855848   	-0.0474854 	0.477179   	
250        	-0.722672  	0.688855   	0.0567776  	0.374793   	-0.739368  	0.671244   	0.0525958  	0.407486   	
260        	-0.242066  	0.969751   	-0.0314102 	0.210449   	-0.196904  	0.978002   	-0.0688587 	0.229198   	
270        	0.787241   	0.603169   	0.128214   	0.0708347  	0.728829   	0.675831   	-0.109821  	0.060649   	
280        	-0.766373  	-0.524073  	-0.371511  	0.0751311  	-0.948097  	-0.314464  	-0.0471565 	0.06455    	
290        	-0.671627  	0.301129   	-0.676934  	0.0733521  	-0.742975  	0.214161   	-0.634132  	0.080129   	
300        	0.960346   	-0.241791  	-0.138829  	0.0339669  	0.966988   	-0.0616938 	0.24724    	0.0529831  	
