#----------------------------------------------------------------------------------------------------------------------------------------------------------
# Output file for vampire simulation
#   time       : 2025-01-27 18:29:43     process id : 1871
#   hostname   : GRBE200AHCXJDZ3
#   path       : /home/barad/CrTe_x_vampire/TB2J_Jeonghoon/updated_TB2J/Bulk/Cr3Te4_trigonal/Vampire
#   version    : 7.0.0
#   githash    : e017e798022a7c964d4c6aafc8ff97a7f63fd6bd
#----------------------------------------------------------------------------------------------------------------------------------------------------------
0          	-0.00157303	-0.0010631 	0.999998   	1          	-0.00157307	-0.00106303	0.999998   	1          	0          	0          	0          	0          	0          	0          	0          	0          	0          	0          	0          	0          	0          	0          	0          	0          	0          	0          	0          	0          	0          	0          	0          	0          	0          	0          	0          	0          	0          	0          	0          	0          	0          	0          	0          	0          	0          	0          	0          	0          	
10         	-0.085062  	-0.0577896 	0.994698   	0.986214   	-0.0883799 	-0.0577715 	0.99441    	0.98776    	0          	0          	0          	0          	0          	0          	0          	0          	0          	0          	0          	0          	0          	0          	0          	0          	0          	0          	0          	0          	0          	0          	0          	0          	0          	0          	0          	0          	0          	0          	0          	0          	0          	0          	0          	0          	0          	0          	0          	0          	
20         	0.0187202  	0.0690075  	0.99744    	0.972128   	0.017538   	0.0650924  	0.997725   	0.976815   	0          	0          	0          	0          	0          	0          	0          	0          	0          	0          	0          	0          	0          	0          	0          	0          	0          	0          	0          	0          	0          	0          	0          	0          	0          	0          	0          	0          	0          	0          	0          	0          	0          	0          	0          	0          	0          	0          	0          	0          	
30         	-0.126848  	0.0691661  	0.989508   	0.958415   	-0.128911  	0.0704709  	0.989149   	0.963353   	0          	0          	0          	0          	0          	0          	0          	0          	0          	0          	0          	0          	0          	0          	0          	0          	0          	0          	0          	0          	0          	0          	0          	0          	0          	0          	0          	0          	0          	0          	0          	0          	0          	0          	0          	0          	0          	0          	0          	0          	
40         	-0.128689  	0.455537   	0.880866   	0.943911   	-0.136925  	0.450687   	0.882118   	0.952993   	0          	0          	0          	0          	0          	0          	0          	0          	0          	0          	0          	0          	0          	0          	0          	0          	0          	0          	0          	0          	0          	0          	0          	0          	0          	0          	0          	0          	0          	0          	0          	0          	0          	0          	0          	0          	0          	0          	0          	0          	
50         	-0.410955  	0.611572   	0.676088   	0.924707   	-0.410983  	0.609481   	0.677957   	0.935633   	0          	0          	0          	0          	0          	0          	0          	0          	0          	0          	0          	0          	0          	0          	0          	0          	0          	0          	0          	0          	0          	0          	0          	0          	0          	0          	0          	0          	0          	0          	0          	0          	0          	0          	0          	0          	0          	0          	0          	0          	
60         	-0.691998  	0.441707   	0.570993   	0.911475   	-0.689061  	0.438411   	0.577054   	0.926027   	0          	0          	0          	0          	0          	0          	0          	0          	0          	0          	0          	0          	0          	0          	0          	0          	0          	0          	0          	0          	0          	0          	0          	0          	0          	0          	0          	0          	0          	0          	0          	0          	0          	0          	0          	0          	0          	0          	0          	0          	
70         	-0.447941  	0.627367   	0.636993   	0.8918     	-0.442926  	0.617518   	0.649991   	0.9108     	0          	0          	0          	0          	0          	0          	0          	0          	0          	0          	0          	0          	0          	0          	0          	0          	0          	0          	0          	0          	0          	0          	0          	0          	0          	0          	0          	0          	0          	0          	0          	0          	0          	0          	0          	0          	0          	0          	0          	0          	
80         	0.0592475  	0.328944   	0.942489   	0.88186    	0.0487919  	0.332977   	0.941672   	0.898509   	0          	0          	0          	0          	0          	0          	0          	0          	0          	0          	0          	0          	0          	0          	0          	0          	0          	0          	0          	0          	0          	0          	0          	0          	0          	0          	0          	0          	0          	0          	0          	0          	0          	0          	0          	0          	0          	0          	0          	0          	
90         	-0.00937267	0.366024   	0.930558   	0.859985   	-0.0056376 	0.358645   	0.933457   	0.881911   	0          	0          	0          	0          	0          	0          	0          	0          	0          	0          	0          	0          	0          	0          	0          	0          	0          	0          	0          	0          	0          	0          	0          	0          	0          	0          	0          	0          	0          	0          	0          	0          	0          	0          	0          	0          	0          	0          	0          	0          	
100        	0.11896    	0.387351   	0.914225   	0.840864   	0.127677   	0.390773   	0.911589   	0.863526   	0          	0          	0          	0          	0          	0          	0          	0          	0          	0          	0          	0          	0          	0          	0          	0          	0          	0          	0          	0          	0          	0          	0          	0          	0          	0          	0          	0          	0          	0          	0          	0          	0          	0          	0          	0          	0          	0          	0          	0          	
110        	0.565099   	0.522509   	0.638473   	0.824712   	0.566731   	0.52084    	0.63839    	0.848466   	0          	0          	0          	0          	0          	0          	0          	0          	0          	0          	0          	0          	0          	0          	0          	0          	0          	0          	0          	0          	0          	0          	0          	0          	0          	0          	0          	0          	0          	0          	0          	0          	0          	0          	0          	0          	0          	0          	0          	0          	
120        	0.69173    	0.713688   	0.110267   	0.80726    	0.689255   	0.718008   	0.0969118  	0.84375    	0          	0          	0          	0          	0          	0          	0          	0          	0          	0          	0          	0          	0          	0          	0          	0          	0          	0          	0          	0          	0          	0          	0          	0          	0          	0          	0          	0          	0          	0          	0          	0          	0          	0          	0          	0          	0          	0          	0          	0          	
130        	0.606042   	0.783614   	-0.136605  	0.787275   	0.614069   	0.777369   	-0.136447  	0.817716   	0          	0          	0          	0          	0          	0          	0          	0          	0          	0          	0          	0          	0          	0          	0          	0          	0          	0          	0          	0          	0          	0          	0          	0          	0          	0          	0          	0          	0          	0          	0          	0          	0          	0          	0          	0          	0          	0          	0          	0          	
140        	0.529581   	0.626557   	0.571813   	0.77131    	0.526029   	0.636051   	0.564564   	0.800231   	0          	0          	0          	0          	0          	0          	0          	0          	0          	0          	0          	0          	0          	0          	0          	0          	0          	0          	0          	0          	0          	0          	0          	0          	0          	0          	0          	0          	0          	0          	0          	0          	0          	0          	0          	0          	0          	0          	0          	0          	
150        	0.444383   	0.7711     	0.455991   	0.743862   	0.452452   	0.763854   	0.460232   	0.777255   	0          	0          	0          	0          	0          	0          	0          	0          	0          	0          	0          	0          	0          	0          	0          	0          	0          	0          	0          	0          	0          	0          	0          	0          	0          	0          	0          	0          	0          	0          	0          	0          	0          	0          	0          	0          	0          	0          	0          	0          	
160        	0.573984   	0.807027   	0.138743   	0.723947   	0.563373   	0.811229   	0.156581   	0.760645   	0          	0          	0          	0          	0          	0          	0          	0          	0          	0          	0          	0          	0          	0          	0          	0          	0          	0          	0          	0          	0          	0          	0          	0          	0          	0          	0          	0          	0          	0          	0          	0          	0          	0          	0          	0          	0          	0          	0          	0          	
170        	-0.490637  	0.620089   	0.61218    	0.704292   	-0.491038  	0.615286   	0.616689   	0.739011   	0          	0          	0          	0          	0          	0          	0          	0          	0          	0          	0          	0          	0          	0          	0          	0          	0          	0          	0          	0          	0          	0          	0          	0          	0          	0          	0          	0          	0          	0          	0          	0          	0          	0          	0          	0          	0          	0          	0          	0          	
180        	0.64827    	-0.152572  	0.745968   	0.659654   	0.661903   	-0.150311  	0.734365   	0.701977   	0          	0          	0          	0          	0          	0          	0          	0          	0          	0          	0          	0          	0          	0          	0          	0          	0          	0          	0          	0          	0          	0          	0          	0          	0          	0          	0          	0          	0          	0          	0          	0          	0          	0          	0          	0          	0          	0          	0          	0          	
190        	0.965162   	-0.126253  	-0.229179  	0.636465   	0.968181   	-0.127019  	-0.215621  	0.680996   	0          	0          	0          	0          	0          	0          	0          	0          	0          	0          	0          	0          	0          	0          	0          	0          	0          	0          	0          	0          	0          	0          	0          	0          	0          	0          	0          	0          	0          	0          	0          	0          	0          	0          	0          	0          	0          	0          	0          	0          	
200        	0.424036   	0.736296   	0.527316   	0.614133   	0.425231   	0.75121    	0.504838   	0.653311   	0          	0          	0          	0          	0          	0          	0          	0          	0          	0          	0          	0          	0          	0          	0          	0          	0          	0          	0          	0          	0          	0          	0          	0          	0          	0          	0          	0          	0          	0          	0          	0          	0          	0          	0          	0          	0          	0          	0          	0          	
210        	0.362225   	-0.121579  	0.924127   	0.570829   	0.350515   	-0.137616  	0.926392   	0.621723   	0          	0          	0          	0          	0          	0          	0          	0          	0          	0          	0          	0          	0          	0          	0          	0          	0          	0          	0          	0          	0          	0          	0          	0          	0          	0          	0          	0          	0          	0          	0          	0          	0          	0          	0          	0          	0          	0          	0          	0          	
220        	0.755348   	-0.15862   	0.635838   	0.543517   	0.757439   	-0.168497  	0.630789   	0.585364   	0          	0          	0          	0          	0          	0          	0          	0          	0          	0          	0          	0          	0          	0          	0          	0          	0          	0          	0          	0          	0          	0          	0          	0          	0          	0          	0          	0          	0          	0          	0          	0          	0          	0          	0          	0          	0          	0          	0          	0          	
230        	0.982969   	0.178493   	0.043737   	0.454288   	0.990097   	0.134867   	0.0389766  	0.504747   	0          	0          	0          	0          	0          	0          	0          	0          	0          	0          	0          	0          	0          	0          	0          	0          	0          	0          	0          	0          	0          	0          	0          	0          	0          	0          	0          	0          	0          	0          	0          	0          	0          	0          	0          	0          	0          	0          	0          	0          	
240        	0.520026   	-0.474341  	-0.710334  	0.434866   	0.524765   	-0.485115  	-0.699489  	0.4697     	0          	0          	0          	0          	0          	0          	0          	0          	0          	0          	0          	0          	0          	0          	0          	0          	0          	0          	0          	0          	0          	0          	0          	0          	0          	0          	0          	0          	0          	0          	0          	0          	0          	0          	0          	0          	0          	0          	0          	0          	
250        	-0.314521  	-0.9491    	-0.016897  	0.322489   	-0.353064  	-0.934551  	0.0442766  	0.347326   	0          	0          	0          	0          	0          	0          	0          	0          	0          	0          	0          	0          	0          	0          	0          	0          	0          	0          	0          	0          	0          	0          	0          	0          	0          	0          	0          	0          	0          	0          	0          	0          	0          	0          	0          	0          	0          	0          	0          	0          	
260        	0.0490661  	-0.324716  	0.944538   	0.281127   	0.0728335  	-0.385529  	0.919817   	0.306615   	0          	0          	0          	0          	0          	0          	0          	0          	0          	0          	0          	0          	0          	0          	0          	0          	0          	0          	0          	0          	0          	0          	0          	0          	0          	0          	0          	0          	0          	0          	0          	0          	0          	0          	0          	0          	0          	0          	0          	0          	
270        	-0.640466  	0.7525     	-0.153449  	0.0762912  	-0.748241  	0.66002    	-0.0671518 	0.0752421  	0          	0          	0          	0          	0          	0          	0          	0          	0          	0          	0          	0          	0          	0          	0          	0          	0          	0          	0          	0          	0          	0          	0          	0          	0          	0          	0          	0          	0          	0          	0          	0          	0          	0          	0          	0          	0          	0          	0          	0          	
280        	-0.81176   	-0.554699  	-0.182636  	0.0202148  	-0.975838  	-0.205042  	-0.0754837 	0.0248442  	0          	0          	0          	0          	0          	0          	0          	0          	0          	0          	0          	0          	0          	0          	0          	0          	0          	0          	0          	0          	0          	0          	0          	0          	0          	0          	0          	0          	0          	0          	0          	0          	0          	0          	0          	0          	0          	0          	0          	0          	
290        	0.0182185  	0.221658   	0.974954   	0.0573784  	0.0577854  	0.137165   	0.988861   	0.0602848  	0          	0          	0          	0          	0          	0          	0          	0          	0          	0          	0          	0          	0          	0          	0          	0          	0          	0          	0          	0          	0          	0          	0          	0          	0          	0          	0          	0          	0          	0          	0          	0          	0          	0          	0          	0          	0          	0          	0          	0          	
300        	0.700294   	0.100793   	-0.706703  	0.0172283  	0.77202    	0.215196   	-0.59806   	0.0232827  	0          	0          	0          	0          	0          	0          	0          	0          	0          	0          	0          	0          	0          	0          	0          	0          	0          	0          	0          	0          	0          	0          	0          	0          	0          	0          	0          	0          	0          	0          	0          	0          	0          	0          	0          	0          	0          	0          	0          	0          	
