#----------------------------------------------------------------------------------------------------------------------------------------------------------
# Output file for vampire simulation
#   time       : 2025-02-12 00:11:36     process id : 29971
#   hostname   : GRBE200AHCXJDZ3
#   path       : /home/barad/CrTe_x_vampire/TB2J+Vampire_Bulk/Cr5Te8/Vampire
#   version    : 7.0.0
#   githash    : e017e798022a7c964d4c6aafc8ff97a7f63fd6bd
#----------------------------------------------------------------------------------------------------------------------------------------------------------
0          	0          	0          	1          	1          	0          	0          	1          	1          	0          	0          	1          	1          	
15         	0.00383442 	-0.0107727 	0.999935   	0.988273   	0.000628044	-0.0104096 	0.999946   	0.984527   	-0.00140568	-0.00902454	0.999958   	0.980021   	
30         	-0.00247953	-0.000914532	0.999997   	0.976331   	-0.00354462	0.000284195	0.999994   	0.968992   	-0.00372385	-0.00198996	0.999991   	0.959867   	
45         	0.00851243 	0.00356104 	0.999957   	0.963483   	0.00914953 	0.00588402 	0.999941   	0.95216    	0.0102203  	0.00467683 	0.999937   	0.940148   	
60         	0.0158637  	0.0122367  	0.999799   	0.950576   	0.0165404  	0.0145698  	0.999757   	0.934653   	0.0155362  	0.0224085  	0.999628   	0.919184   	
75         	-0.0136241 	0.0402944  	0.999095   	0.938867   	-0.0171936 	0.0348848  	0.999243   	0.91816    	-0.0187909 	0.0276854  	0.99944    	0.897434   	
90         	-0.0255538 	0.0252633  	0.999354   	0.927083   	-0.022259  	0.0176052  	0.999597   	0.901337   	-0.00987864	0.0155536  	0.99983    	0.878357   	
105        	0.0307774  	-0.00513883	0.999513   	0.910447   	0.0385362  	-0.00915518	0.999215   	0.882067   	0.036568   	0.00145557 	0.99933    	0.854789   	
120        	0.0412338  	0.0114891  	0.999083   	0.898756   	0.0393948  	0.0178359  	0.999065   	0.863995   	0.0427958  	0.0198582  	0.998886   	0.828029   	
135        	0.000758322	-0.0228492 	0.999739   	0.881752   	-0.00775907	-0.0232279 	0.9997     	0.844559   	-0.00598124	-0.0227885 	0.999722   	0.809164   	
150        	-0.0174498 	-0.0328946 	0.999306   	0.863032   	-0.0195006 	-0.0344744 	0.999215   	0.816665   	-0.0161495 	-0.0346138 	0.99927    	0.773017   	
165        	0.0464113  	-0.0367883 	0.998245   	0.844158   	0.0383721  	-0.0286399 	0.998853   	0.795777   	0.0572324  	-0.031115  	0.997876   	0.750292   	
180        	-0.0317293 	0.0373659  	0.998798   	0.825224   	-0.0283158 	0.0352095  	0.998979   	0.77641    	-0.0310233 	0.0388501  	0.998763   	0.724855   	
195        	0.0318436  	-0.0147691 	0.999384   	0.812689   	0.0266282  	-0.0228049 	0.999385   	0.752784   	0.0341175  	-0.0327728 	0.99888    	0.692563   	
210        	0.0115099  	0.0181246  	0.999769   	0.789025   	0.0100341  	-0.000210906	0.99995    	0.726871   	0.0163751  	0.00455152 	0.999856   	0.6555     	
225        	-0.114308  	0.00615556 	0.993426   	0.765461   	-0.110008  	0.013468   	0.993839   	0.697088   	-0.101241  	0.0120507  	0.994789   	0.638397   	
240        	-0.0416065 	0.0312243  	0.998646   	0.751635   	-0.0423311 	0.0300311  	0.998652   	0.67406    	-0.0448596 	0.0128686  	0.99891    	0.610819   	
255        	-0.0984338 	-0.0448794 	0.994131   	0.70875    	-0.0957044 	-0.0401703 	0.994599   	0.629318   	-0.101708  	-0.0249086 	0.994502   	0.56606    	
