#----------------------------------------------------------------------------------------------------------------------------------------------------------
# Output file for vampire simulation
#   time       : 2025-01-29 01:01:39     process id : 12844
#   hostname   : GRBE200AHCXJDZ3
#   path       : /home/barad/CrTe_x_vampire/TB2J+Vampire_Bulk/Cr5Te8/Vampire
#   version    : 7.0.0
#   githash    : e017e798022a7c964d4c6aafc8ff97a7f63fd6bd
#----------------------------------------------------------------------------------------------------------------------------------------------------------
0          	0          	0          	1          	1          	0          	0          	1          	1          	0          	0          	1          	1          	
15         	-0.0116317 	-0.111459  	0.993701   	0.974004   	-0.0125692 	-0.11255   	0.993567   	0.970376   	-0.0121073 	-0.110996  	0.993747   	0.966518   	
30         	0.0302843  	-0.0675751 	0.997254   	0.945541   	0.0272082  	-0.0698716 	0.997185   	0.940392   	0.0278277  	-0.0678135 	0.99731    	0.932896   	
45         	0.0995197  	-0.158416  	0.982344   	0.918015   	0.108925   	-0.166847  	0.979948   	0.907135   	0.108796   	-0.166909  	0.979952   	0.898826   	
60         	0.207246   	0.200121   	0.957602   	0.88832    	0.204932   	0.200066   	0.958111   	0.872359   	0.202393   	0.198609   	0.958953   	0.857162   	
75         	0.425732   	-0.0585262 	0.902955   	0.851755   	0.422358   	-0.0543318 	0.904799   	0.835832   	0.416662   	-0.0573239 	0.907252   	0.81434    	
90         	0.571664   	0.0587453  	0.818382   	0.810823   	0.566898   	0.0651867  	0.821205   	0.792389   	0.566043   	0.0773176  	0.820742   	0.765073   	
105        	0.0795352  	0.136397   	0.987456   	0.771818   	0.0818758  	0.143992   	0.986186   	0.746844   	0.0684578  	0.150199   	0.986283   	0.727065   	
120        	0.612814   	0.421072   	0.668698   	0.719852   	0.60885    	0.434908   	0.663443   	0.698605   	0.602903   	0.441601   	0.664452   	0.663806   	
135        	0.39764    	0.111073   	0.910794   	0.660568   	0.3948     	0.123161   	0.910475   	0.625687   	0.386762   	0.13228    	0.912643   	0.59612    	
150        	-0.370067  	0.744455   	0.555732   	0.59478    	-0.375018  	0.745337   	0.551211   	0.556304   	-0.376347  	0.733465   	0.566032   	0.511956   	
165        	-0.95279   	0.174164   	0.248712   	0.475624   	-0.958627  	0.153767   	0.239564   	0.436108   	-0.947147  	0.143598   	0.286866   	0.397057   	
180        	0.253499   	0.811089   	-0.527137  	0.207366   	0.285858   	0.793264   	-0.537604  	0.193201   	0.283586   	0.771843   	-0.569067  	0.161985   	
195        	-0.92723   	0.323696   	-0.188324  	0.00823103 	-0.490691  	0.601018   	-0.630872  	0.00948186 	-0.609691  	0.761334   	-0.22056   	0.0154589  	
210        	0.130628   	0.515765   	-0.846713  	0.0207093  	0.814724   	0.235629   	-0.529815  	0.0288012  	0.959207   	0.279554   	-0.0420904 	0.0296561  	
225        	0.202769   	-0.729018  	-0.653771  	0.0275132  	0.532872   	-0.77856   	-0.331499  	0.0314393  	0.80886    	-0.404811  	-0.426466  	0.0215158  	
240        	0.853386   	-0.395032  	-0.340119  	0.0164189  	0.811463   	-0.584227  	-0.0144055 	0.02145    	0.431675   	-0.883284  	-0.182939  	0.0113562  	
255        	-0.37431   	0.338491   	-0.863316  	0.0117386  	-0.582468  	-0.450212  	-0.676787  	0.0163995  	-0.65946   	-0.180497  	-0.729749  	0.0234194  	
270        	-0.702232  	0.0564553  	-0.709706  	0.00717113 	-0.237324  	0.879288   	0.412952   	0.0139293  	0.161685   	0.462627   	0.871685   	0.0228755  	
