#----------------------------------------------------------------------------------------------------------------------------------------------------------
# Output file for vampire simulation
#   time       : 2025-01-29 00:56:14     process id : 12817
#   hostname   : GRBE200AHCXJDZ3
#   path       : /home/barad/CrTe_x_vampire/TB2J+Vampire_Bulk/Cr5Te8/Vampire
#   version    : 7.0.0
#   githash    : e017e798022a7c964d4c6aafc8ff97a7f63fd6bd
#----------------------------------------------------------------------------------------------------------------------------------------------------------
0          	0          	0          	1          	1          	0          	0          	1          	1          	0          	0          	1          	1          	
15         	-0.00859216	-0.0105347 	0.999908   	0.9752     	-0.00779554	-0.00907161	0.999928   	0.972036   	-0.00820294	-0.0100385 	0.999916   	0.969228   	
30         	-0.00426672	-0.00944923	0.999946   	0.949413   	-0.00351927	-0.00972157	0.999947   	0.941848   	-0.00460689	-0.0119848 	0.999918   	0.936041   	
45         	0.0161733  	0.0345518  	0.999272   	0.920729   	0.00390831 	0.0286161  	0.999583   	0.911192   	0.000611007	0.0286417  	0.99959    	0.90083    	
60         	0.0206923  	0.0279126  	0.999396   	0.893001   	0.0160007  	0.0193423  	0.999685   	0.880254   	0.00776595 	0.0194571  	0.999781   	0.867509   	
75         	-0.0128122 	0.0111026  	0.999856   	0.8584     	-0.012275  	0.0130978  	0.999839   	0.844221   	-0.00273442	0.0188226  	0.999819   	0.826566   	
90         	0.0113021  	-0.016087  	0.999807   	0.819272   	0.0124391  	-0.00893834	0.999883   	0.801126   	0.0171722  	-0.0066628 	0.99983    	0.783414   	
105        	0.025746   	0.019987   	0.999469   	0.784959   	0.0319005  	0.012034   	0.999419   	0.765644   	0.0233304  	0.00205699 	0.999726   	0.735821   	
120        	0.105096   	-0.0165568 	0.994324   	0.733684   	0.100435   	-0.0156015 	0.994821   	0.707496   	0.0918627  	-0.0221865 	0.995524   	0.677082   	
135        	-0.0655595 	-0.0406695 	0.99702    	0.670813   	-0.0557484 	-0.0296278 	0.998005   	0.643694   	-0.0652743 	-0.028206  	0.997469   	0.619174   	
150        	-0.0351893 	-0.0598417 	0.997587   	0.613546   	-0.0346928 	-0.0642701 	0.997329   	0.575343   	-0.0430207 	-0.0637074 	0.997041   	0.542101   	
165        	0.0339719  	-0.00328972	0.999417   	0.510094   	0.0480161  	-0.0239335 	0.99856    	0.466116   	0.0523735  	-0.0118549 	0.998557   	0.426511   	
180        	-0.107105  	0.0961958  	0.989583   	0.305765   	-0.145202  	0.096386   	0.984696   	0.281938   	-0.139797  	0.0687935  	0.987788   	0.260653   	
195        	-0.417951  	-0.602138  	0.680255   	0.0361043  	-0.367519  	-0.665506  	0.64964    	0.032545   	-0.229025  	-0.627017  	0.744579   	0.0377062  	
210        	-0.860695  	0.388481   	0.329071   	0.0351817  	-0.918922  	0.353421   	0.175146   	0.0209596  	-0.767787  	0.560794   	-0.309859  	0.0152395  	
225        	-0.134944  	0.531595   	-0.83618   	0.014566   	-0.0954434 	0.051999   	-0.994076  	0.0315202  	-0.206527  	-0.0334472 	-0.977869  	0.0396185  	
240        	-0.42052   	-0.647294  	-0.635746  	0.0104555  	0.610332   	-0.519673  	-0.597859  	0.00673634 	0.479777   	-0.232739  	-0.845959  	0.0148795  	
255        	-0.976228  	0.148762   	-0.157636  	0.0457215  	-0.923802  	0.351879   	0.150901   	0.0287132  	-0.796294  	0.204738   	-0.569209  	0.0226821  	
270        	-0.667975  	0.672704   	-0.318242  	0.0251837  	-0.999485  	0.0319736  	0.00285634 	0.00787118 	-0.689201  	0.531709   	-0.492227  	0.0304543  	
