3000
0	0	5.41492	5.41492	4.906
0	0	1.82937	1.82937	1.83975
0	0	0	0	0
0	0	12.7324	5.41492	4.906
0	0	9.14683	1.82937	1.83975
0	0	7.31746	0	0
0	0	20.0498	5.41492	4.906
0	0	16.4643	1.82937	1.83975
0	0	14.6349	0	0
0	0	27.3673	5.41492	4.906
0	0	23.7818	1.82937	1.83975
0	0	21.9524	0	0
0	0	34.6848	5.41492	4.906
0	0	31.0992	1.82937	1.83975
0	0	29.2698	0	0
0	0	5.41492	12.7324	4.906
0	0	1.82937	9.14683	1.83975
0	0	0	7.31746	0
0	0	12.7324	12.7324	4.906
0	0	9.14683	9.14683	1.83975
0	0	7.31746	7.31746	0
0	0	20.0498	12.7324	4.906
0	0	16.4643	9.14683	1.83975
0	0	14.6349	7.31746	0
0	0	27.3673	12.7324	4.906
0	0	23.7818	9.14683	1.83975
0	0	21.9524	7.31746	0
0	0	34.6848	12.7324	4.906
0	0	31.0992	9.14683	1.83975
0	0	29.2698	7.31746	0
0	0	0	14.6349	0
0	0	7.31746	14.6349	0
0	0	14.6349	14.6349	0
0	0	21.9524	14.6349	0
0	0	29.2698	14.6349	0
0	1	5.41492	5.41492	11.7199
0	1	1.82937	1.82937	8.65364
0	1	0	0	6.81389
0	1	12.7324	5.41492	11.7199
0	1	9.14683	1.82937	8.65364
0	1	7.31746	0	6.81389
0	1	20.0498	5.41492	11.7199
0	1	16.4643	1.82937	8.65364
0	1	14.6349	0	6.81389
0	1	27.3673	5.41492	11.7199
0	1	23.7818	1.82937	8.65364
0	1	21.9524	0	6.81389
0	1	34.6848	5.41492	11.7199
0	1	31.0992	1.82937	8.65364
0	1	29.2698	0	6.81389
0	1	5.41492	12.7324	11.7199
0	1	1.82937	9.14683	8.65364
0	1	0	7.31746	6.81389
0	1	12.7324	12.7324	11.7199
0	1	9.14683	9.14683	8.65364
0	1	7.31746	7.31746	6.81389
0	1	20.0498	12.7324	11.7199
0	1	16.4643	9.14683	8.65364
0	1	14.6349	7.31746	6.81389
0	1	27.3673	12.7324	11.7199
0	1	23.7818	9.14683	8.65364
0	1	21.9524	7.31746	6.81389
0	1	34.6848	12.7324	11.7199
0	1	31.0992	9.14683	8.65364
0	1	29.2698	7.31746	6.81389
0	1	0	14.6349	6.81389
0	1	7.31746	14.6349	6.81389
0	1	14.6349	14.6349	6.81389
0	1	21.9524	14.6349	6.81389
0	1	29.2698	14.6349	6.81389
0	2	5.41492	5.41492	18.5338
0	2	1.82937	1.82937	15.4675
0	2	0	0	13.6278
0	2	12.7324	5.41492	18.5338
0	2	9.14683	1.82937	15.4675
0	2	7.31746	0	13.6278
0	2	20.0498	5.41492	18.5338
0	2	16.4643	1.82937	15.4675
0	2	14.6349	0	13.6278
0	2	27.3673	5.41492	18.5338
0	2	23.7818	1.82937	15.4675
0	2	21.9524	0	13.6278
0	2	34.6848	5.41492	18.5338
0	2	31.0992	1.82937	15.4675
0	2	29.2698	0	13.6278
0	2	5.41492	12.7324	18.5338
0	2	1.82937	9.14683	15.4675
0	2	0	7.31746	13.6278
0	2	12.7324	12.7324	18.5338
0	2	9.14683	9.14683	15.4675
0	2	7.31746	7.31746	13.6278
0	2	20.0498	12.7324	18.5338
0	2	16.4643	9.14683	15.4675
0	2	14.6349	7.31746	13.6278
0	2	27.3673	12.7324	18.5338
0	2	23.7818	9.14683	15.4675
0	2	21.9524	7.31746	13.6278
0	2	34.6848	12.7324	18.5338
0	2	31.0992	9.14683	15.4675
0	2	29.2698	7.31746	13.6278
0	2	0	14.6349	13.6278
0	2	7.31746	14.6349	13.6278
0	2	14.6349	14.6349	13.6278
0	2	21.9524	14.6349	13.6278
0	2	29.2698	14.6349	13.6278
0	3	5.41492	5.41492	25.3477
0	3	1.82937	1.82937	22.2814
0	3	0	0	20.4417
0	3	12.7324	5.41492	25.3477
0	3	9.14683	1.82937	22.2814
0	3	7.31746	0	20.4417
0	3	20.0498	5.41492	25.3477
0	3	16.4643	1.82937	22.2814
0	3	14.6349	0	20.4417
0	3	27.3673	5.41492	25.3477
0	3	23.7818	1.82937	22.2814
0	3	21.9524	0	20.4417
0	3	34.6848	5.41492	25.3477
0	3	31.0992	1.82937	22.2814
0	3	29.2698	0	20.4417
0	3	5.41492	12.7324	25.3477
0	3	1.82937	9.14683	22.2814
0	3	0	7.31746	20.4417
0	3	12.7324	12.7324	25.3477
0	3	9.14683	9.14683	22.2814
0	3	7.31746	7.31746	20.4417
0	3	20.0498	12.7324	25.3477
0	3	16.4643	9.14683	22.2814
0	3	14.6349	7.31746	20.4417
0	3	27.3673	12.7324	25.3477
0	3	23.7818	9.14683	22.2814
0	3	21.9524	7.31746	20.4417
0	3	34.6848	12.7324	25.3477
0	3	31.0992	9.14683	22.2814
0	3	29.2698	7.31746	20.4417
0	3	0	14.6349	20.4417
0	3	7.31746	14.6349	20.4417
0	3	14.6349	14.6349	20.4417
0	3	21.9524	14.6349	20.4417
0	3	29.2698	14.6349	20.4417
0	4	5.41492	5.41492	32.1616
0	4	1.82937	1.82937	29.0953
0	4	0	0	27.2556
0	4	12.7324	5.41492	32.1616
0	4	9.14683	1.82937	29.0953
0	4	7.31746	0	27.2556
0	4	20.0498	5.41492	32.1616
0	4	16.4643	1.82937	29.0953
0	4	14.6349	0	27.2556
0	4	27.3673	5.41492	32.1616
0	4	23.7818	1.82937	29.0953
0	4	21.9524	0	27.2556
0	4	34.6848	5.41492	32.1616
0	4	31.0992	1.82937	29.0953
0	4	29.2698	0	27.2556
0	4	5.41492	12.7324	32.1616
0	4	1.82937	9.14683	29.0953
0	4	0	7.31746	27.2556
0	4	12.7324	12.7324	32.1616
0	4	9.14683	9.14683	29.0953
0	4	7.31746	7.31746	27.2556
0	4	20.0498	12.7324	32.1616
0	4	16.4643	9.14683	29.0953
0	4	14.6349	7.31746	27.2556
0	4	27.3673	12.7324	32.1616
0	4	23.7818	9.14683	29.0953
0	4	21.9524	7.31746	27.2556
0	4	34.6848	12.7324	32.1616
0	4	31.0992	9.14683	29.0953
0	4	29.2698	7.31746	27.2556
0	4	0	14.6349	27.2556
0	4	7.31746	14.6349	27.2556
0	4	14.6349	14.6349	27.2556
0	4	21.9524	14.6349	27.2556
0	4	29.2698	14.6349	27.2556
0	5	5.41492	5.41492	38.9754
0	5	1.82937	1.82937	35.9092
0	5	0	0	34.0694
0	5	12.7324	5.41492	38.9754
0	5	9.14683	1.82937	35.9092
0	5	7.31746	0	34.0694
0	5	20.0498	5.41492	38.9754
0	5	16.4643	1.82937	35.9092
0	5	14.6349	0	34.0694
0	5	27.3673	5.41492	38.9754
0	5	23.7818	1.82937	35.9092
0	5	21.9524	0	34.0694
0	5	34.6848	5.41492	38.9754
0	5	31.0992	1.82937	35.9092
0	5	29.2698	0	34.0694
0	5	5.41492	12.7324	38.9754
0	5	1.82937	9.14683	35.9092
0	5	0	7.31746	34.0694
0	5	12.7324	12.7324	38.9754
0	5	9.14683	9.14683	35.9092
0	5	7.31746	7.31746	34.0694
0	5	20.0498	12.7324	38.9754
0	5	16.4643	9.14683	35.9092
0	5	14.6349	7.31746	34.0694
0	5	27.3673	12.7324	38.9754
0	5	23.7818	9.14683	35.9092
0	5	21.9524	7.31746	34.0694
0	5	34.6848	12.7324	38.9754
0	5	31.0992	9.14683	35.9092
0	5	29.2698	7.31746	34.0694
0	5	0	14.6349	34.0694
0	5	7.31746	14.6349	34.0694
0	5	14.6349	14.6349	34.0694
0	5	21.9524	14.6349	34.0694
0	5	29.2698	14.6349	34.0694
0	6	5.41492	5.41492	45.7893
0	6	1.82937	1.82937	42.7231
0	6	0	0	40.8833
0	6	12.7324	5.41492	45.7893
0	6	9.14683	1.82937	42.7231
0	6	7.31746	0	40.8833
0	6	20.0498	5.41492	45.7893
0	6	16.4643	1.82937	42.7231
0	6	14.6349	0	40.8833
0	6	27.3673	5.41492	45.7893
0	6	23.7818	1.82937	42.7231
0	6	21.9524	0	40.8833
0	6	34.6848	5.41492	45.7893
0	6	31.0992	1.82937	42.7231
0	6	29.2698	0	40.8833
0	6	5.41492	12.7324	45.7893
0	6	1.82937	9.14683	42.7231
0	6	0	7.31746	40.8833
0	6	12.7324	12.7324	45.7893
0	6	9.14683	9.14683	42.7231
0	6	7.31746	7.31746	40.8833
0	6	20.0498	12.7324	45.7893
0	6	16.4643	9.14683	42.7231
0	6	14.6349	7.31746	40.8833
0	6	27.3673	12.7324	45.7893
0	6	23.7818	9.14683	42.7231
0	6	21.9524	7.31746	40.8833
0	6	34.6848	12.7324	45.7893
0	6	31.0992	9.14683	42.7231
0	6	29.2698	7.31746	40.8833
0	6	0	14.6349	40.8833
0	6	7.31746	14.6349	40.8833
0	6	14.6349	14.6349	40.8833
0	6	21.9524	14.6349	40.8833
0	6	29.2698	14.6349	40.8833
0	7	5.41492	5.41492	52.6032
0	7	1.82937	1.82937	49.537
0	7	0	0	47.6972
0	7	12.7324	5.41492	52.6032
0	7	9.14683	1.82937	49.537
0	7	7.31746	0	47.6972
0	7	20.0498	5.41492	52.6032
0	7	16.4643	1.82937	49.537
0	7	14.6349	0	47.6972
0	7	27.3673	5.41492	52.6032
0	7	23.7818	1.82937	49.537
0	7	21.9524	0	47.6972
0	7	34.6848	5.41492	52.6032
0	7	31.0992	1.82937	49.537
0	7	29.2698	0	47.6972
0	7	5.41492	12.7324	52.6032
0	7	1.82937	9.14683	49.537
0	7	0	7.31746	47.6972
0	7	12.7324	12.7324	52.6032
0	7	9.14683	9.14683	49.537
0	7	7.31746	7.31746	47.6972
0	7	20.0498	12.7324	52.6032
0	7	16.4643	9.14683	49.537
0	7	14.6349	7.31746	47.6972
0	7	27.3673	12.7324	52.6032
0	7	23.7818	9.14683	49.537
0	7	21.9524	7.31746	47.6972
0	7	34.6848	12.7324	52.6032
0	7	31.0992	9.14683	49.537
0	7	29.2698	7.31746	47.6972
0	7	0	14.6349	47.6972
0	7	7.31746	14.6349	47.6972
0	7	14.6349	14.6349	47.6972
0	7	21.9524	14.6349	47.6972
0	7	29.2698	14.6349	47.6972
0	8	5.41492	5.41492	59.4171
0	8	1.82937	1.82937	56.3509
0	8	0	0	54.5111
0	8	12.7324	5.41492	59.4171
0	8	9.14683	1.82937	56.3509
0	8	7.31746	0	54.5111
0	8	20.0498	5.41492	59.4171
0	8	16.4643	1.82937	56.3509
0	8	14.6349	0	54.5111
0	8	27.3673	5.41492	59.4171
0	8	23.7818	1.82937	56.3509
0	8	21.9524	0	54.5111
0	8	34.6848	5.41492	59.4171
0	8	31.0992	1.82937	56.3509
0	8	29.2698	0	54.5111
0	8	5.41492	12.7324	59.4171
0	8	1.82937	9.14683	56.3509
0	8	0	7.31746	54.5111
0	8	12.7324	12.7324	59.4171
0	8	9.14683	9.14683	56.3509
0	8	7.31746	7.31746	54.5111
0	8	20.0498	12.7324	59.4171
0	8	16.4643	9.14683	56.3509
0	8	14.6349	7.31746	54.5111
0	8	27.3673	12.7324	59.4171
0	8	23.7818	9.14683	56.3509
0	8	21.9524	7.31746	54.5111
0	8	34.6848	12.7324	59.4171
0	8	31.0992	9.14683	56.3509
0	8	29.2698	7.31746	54.5111
0	8	0	14.6349	54.5111
0	8	7.31746	14.6349	54.5111
0	8	14.6349	14.6349	54.5111
0	8	21.9524	14.6349	54.5111
0	8	29.2698	14.6349	54.5111
0	9	5.41492	5.41492	66.231
0	9	1.82937	1.82937	63.1647
0	9	0	0	61.325
0	9	12.7324	5.41492	66.231
0	9	9.14683	1.82937	63.1647
0	9	7.31746	0	61.325
0	9	20.0498	5.41492	66.231
0	9	16.4643	1.82937	63.1647
0	9	14.6349	0	61.325
0	9	27.3673	5.41492	66.231
0	9	23.7818	1.82937	63.1647
0	9	21.9524	0	61.325
0	9	34.6848	5.41492	66.231
0	9	31.0992	1.82937	63.1647
0	9	29.2698	0	61.325
0	9	5.41492	12.7324	66.231
0	9	1.82937	9.14683	63.1647
0	9	0	7.31746	61.325
0	9	12.7324	12.7324	66.231
0	9	9.14683	9.14683	63.1647
0	9	7.31746	7.31746	61.325
0	9	20.0498	12.7324	66.231
0	9	16.4643	9.14683	63.1647
0	9	14.6349	7.31746	61.325
0	9	27.3673	12.7324	66.231
0	9	23.7818	9.14683	63.1647
0	9	21.9524	7.31746	61.325
0	9	34.6848	12.7324	66.231
0	9	31.0992	9.14683	63.1647
0	9	29.2698	7.31746	61.325
0	9	0	14.6349	61.325
0	9	7.31746	14.6349	61.325
0	9	14.6349	14.6349	61.325
0	9	21.9524	14.6349	61.325
0	9	29.2698	14.6349	61.325
0	0	5.41492	20.0498	4.906
0	0	1.82937	16.4643	1.83975
0	0	12.7324	20.0498	4.906
0	0	9.14683	16.4643	1.83975
0	0	20.0498	20.0498	4.906
0	0	16.4643	16.4643	1.83975
0	0	27.3673	20.0498	4.906
0	0	23.7818	16.4643	1.83975
0	0	34.6848	20.0498	4.906
0	0	31.0992	16.4643	1.83975
0	0	5.41492	27.3673	4.906
0	0	1.82937	23.7818	1.83975
0	0	0	21.9524	0
0	0	12.7324	27.3673	4.906
0	0	9.14683	23.7818	1.83975
0	0	7.31746	21.9524	0
0	0	20.0498	27.3673	4.906
0	0	16.4643	23.7818	1.83975
0	0	14.6349	21.9524	0
0	0	27.3673	27.3673	4.906
0	0	23.7818	23.7818	1.83975
0	0	21.9524	21.9524	0
0	0	34.6848	27.3673	4.906
0	0	31.0992	23.7818	1.83975
0	0	29.2698	21.9524	0
0	0	0	29.2698	0
0	0	7.31746	29.2698	0
0	0	14.6349	29.2698	0
0	0	21.9524	29.2698	0
0	0	29.2698	29.2698	0
0	1	5.41492	20.0498	11.7199
0	1	1.82937	16.4643	8.65364
0	1	12.7324	20.0498	11.7199
0	1	9.14683	16.4643	8.65364
0	1	20.0498	20.0498	11.7199
0	1	16.4643	16.4643	8.65364
0	1	27.3673	20.0498	11.7199
0	1	23.7818	16.4643	8.65364
0	1	34.6848	20.0498	11.7199
0	1	31.0992	16.4643	8.65364
0	1	5.41492	27.3673	11.7199
0	1	1.82937	23.7818	8.65364
0	1	0	21.9524	6.81389
0	1	12.7324	27.3673	11.7199
0	1	9.14683	23.7818	8.65364
0	1	7.31746	21.9524	6.81389
0	1	20.0498	27.3673	11.7199
0	1	16.4643	23.7818	8.65364
0	1	14.6349	21.9524	6.81389
0	1	27.3673	27.3673	11.7199
0	1	23.7818	23.7818	8.65364
0	1	21.9524	21.9524	6.81389
0	1	34.6848	27.3673	11.7199
0	1	31.0992	23.7818	8.65364
0	1	29.2698	21.9524	6.81389
0	1	0	29.2698	6.81389
0	1	7.31746	29.2698	6.81389
0	1	14.6349	29.2698	6.81389
0	1	21.9524	29.2698	6.81389
0	1	29.2698	29.2698	6.81389
0	2	5.41492	20.0498	18.5338
0	2	1.82937	16.4643	15.4675
0	2	12.7324	20.0498	18.5338
0	2	9.14683	16.4643	15.4675
0	2	20.0498	20.0498	18.5338
0	2	16.4643	16.4643	15.4675
0	2	27.3673	20.0498	18.5338
0	2	23.7818	16.4643	15.4675
0	2	34.6848	20.0498	18.5338
0	2	31.0992	16.4643	15.4675
0	2	5.41492	27.3673	18.5338
0	2	1.82937	23.7818	15.4675
0	2	0	21.9524	13.6278
0	2	12.7324	27.3673	18.5338
0	2	9.14683	23.7818	15.4675
0	2	7.31746	21.9524	13.6278
0	2	20.0498	27.3673	18.5338
0	2	16.4643	23.7818	15.4675
0	2	14.6349	21.9524	13.6278
0	2	27.3673	27.3673	18.5338
0	2	23.7818	23.7818	15.4675
0	2	21.9524	21.9524	13.6278
0	2	34.6848	27.3673	18.5338
0	2	31.0992	23.7818	15.4675
0	2	29.2698	21.9524	13.6278
0	2	0	29.2698	13.6278
0	2	7.31746	29.2698	13.6278
0	2	14.6349	29.2698	13.6278
0	2	21.9524	29.2698	13.6278
0	2	29.2698	29.2698	13.6278
0	3	5.41492	20.0498	25.3477
0	3	1.82937	16.4643	22.2814
0	3	12.7324	20.0498	25.3477
0	3	9.14683	16.4643	22.2814
0	3	20.0498	20.0498	25.3477
0	3	16.4643	16.4643	22.2814
0	3	27.3673	20.0498	25.3477
0	3	23.7818	16.4643	22.2814
0	3	34.6848	20.0498	25.3477
0	3	31.0992	16.4643	22.2814
0	3	5.41492	27.3673	25.3477
0	3	1.82937	23.7818	22.2814
0	3	0	21.9524	20.4417
0	3	12.7324	27.3673	25.3477
0	3	9.14683	23.7818	22.2814
0	3	7.31746	21.9524	20.4417
0	3	20.0498	27.3673	25.3477
0	3	16.4643	23.7818	22.2814
0	3	14.6349	21.9524	20.4417
0	3	27.3673	27.3673	25.3477
0	3	23.7818	23.7818	22.2814
0	3	21.9524	21.9524	20.4417
0	3	34.6848	27.3673	25.3477
0	3	31.0992	23.7818	22.2814
0	3	29.2698	21.9524	20.4417
0	3	0	29.2698	20.4417
0	3	7.31746	29.2698	20.4417
0	3	14.6349	29.2698	20.4417
0	3	21.9524	29.2698	20.4417
0	3	29.2698	29.2698	20.4417
0	4	5.41492	20.0498	32.1616
0	4	1.82937	16.4643	29.0953
0	4	12.7324	20.0498	32.1616
0	4	9.14683	16.4643	29.0953
0	4	20.0498	20.0498	32.1616
0	4	16.4643	16.4643	29.0953
0	4	27.3673	20.0498	32.1616
0	4	23.7818	16.4643	29.0953
0	4	34.6848	20.0498	32.1616
0	4	31.0992	16.4643	29.0953
0	4	5.41492	27.3673	32.1616
0	4	1.82937	23.7818	29.0953
0	4	0	21.9524	27.2556
0	4	12.7324	27.3673	32.1616
0	4	9.14683	23.7818	29.0953
0	4	7.31746	21.9524	27.2556
0	4	20.0498	27.3673	32.1616
0	4	16.4643	23.7818	29.0953
0	4	14.6349	21.9524	27.2556
0	4	27.3673	27.3673	32.1616
0	4	23.7818	23.7818	29.0953
0	4	21.9524	21.9524	27.2556
0	4	34.6848	27.3673	32.1616
0	4	31.0992	23.7818	29.0953
0	4	29.2698	21.9524	27.2556
0	4	0	29.2698	27.2556
0	4	7.31746	29.2698	27.2556
0	4	14.6349	29.2698	27.2556
0	4	21.9524	29.2698	27.2556
0	4	29.2698	29.2698	27.2556
0	5	5.41492	20.0498	38.9754
0	5	1.82937	16.4643	35.9092
0	5	12.7324	20.0498	38.9754
0	5	9.14683	16.4643	35.9092
0	5	20.0498	20.0498	38.9754
0	5	16.4643	16.4643	35.9092
0	5	27.3673	20.0498	38.9754
0	5	23.7818	16.4643	35.9092
0	5	34.6848	20.0498	38.9754
0	5	31.0992	16.4643	35.9092
0	5	5.41492	27.3673	38.9754
0	5	1.82937	23.7818	35.9092
0	5	0	21.9524	34.0694
0	5	12.7324	27.3673	38.9754
0	5	9.14683	23.7818	35.9092
0	5	7.31746	21.9524	34.0694
0	5	20.0498	27.3673	38.9754
0	5	16.4643	23.7818	35.9092
0	5	14.6349	21.9524	34.0694
0	5	27.3673	27.3673	38.9754
0	5	23.7818	23.7818	35.9092
0	5	21.9524	21.9524	34.0694
0	5	34.6848	27.3673	38.9754
0	5	31.0992	23.7818	35.9092
0	5	29.2698	21.9524	34.0694
0	5	0	29.2698	34.0694
0	5	7.31746	29.2698	34.0694
0	5	14.6349	29.2698	34.0694
0	5	21.9524	29.2698	34.0694
0	5	29.2698	29.2698	34.0694
0	6	5.41492	20.0498	45.7893
0	6	1.82937	16.4643	42.7231
0	6	12.7324	20.0498	45.7893
0	6	9.14683	16.4643	42.7231
0	6	20.0498	20.0498	45.7893
0	6	16.4643	16.4643	42.7231
0	6	27.3673	20.0498	45.7893
0	6	23.7818	16.4643	42.7231
0	6	34.6848	20.0498	45.7893
0	6	31.0992	16.4643	42.7231
0	6	5.41492	27.3673	45.7893
0	6	1.82937	23.7818	42.7231
0	6	0	21.9524	40.8833
0	6	12.7324	27.3673	45.7893
0	6	9.14683	23.7818	42.7231
0	6	7.31746	21.9524	40.8833
0	6	20.0498	27.3673	45.7893
0	6	16.4643	23.7818	42.7231
0	6	14.6349	21.9524	40.8833
0	6	27.3673	27.3673	45.7893
0	6	23.7818	23.7818	42.7231
0	6	21.9524	21.9524	40.8833
0	6	34.6848	27.3673	45.7893
0	6	31.0992	23.7818	42.7231
0	6	29.2698	21.9524	40.8833
0	6	0	29.2698	40.8833
0	6	7.31746	29.2698	40.8833
0	6	14.6349	29.2698	40.8833
0	6	21.9524	29.2698	40.8833
0	6	29.2698	29.2698	40.8833
0	7	5.41492	20.0498	52.6032
0	7	1.82937	16.4643	49.537
0	7	12.7324	20.0498	52.6032
0	7	9.14683	16.4643	49.537
0	7	20.0498	20.0498	52.6032
0	7	16.4643	16.4643	49.537
0	7	27.3673	20.0498	52.6032
0	7	23.7818	16.4643	49.537
0	7	34.6848	20.0498	52.6032
0	7	31.0992	16.4643	49.537
0	7	5.41492	27.3673	52.6032
0	7	1.82937	23.7818	49.537
0	7	0	21.9524	47.6972
0	7	12.7324	27.3673	52.6032
0	7	9.14683	23.7818	49.537
0	7	7.31746	21.9524	47.6972
0	7	20.0498	27.3673	52.6032
0	7	16.4643	23.7818	49.537
0	7	14.6349	21.9524	47.6972
0	7	27.3673	27.3673	52.6032
0	7	23.7818	23.7818	49.537
0	7	21.9524	21.9524	47.6972
0	7	34.6848	27.3673	52.6032
0	7	31.0992	23.7818	49.537
0	7	29.2698	21.9524	47.6972
0	7	0	29.2698	47.6972
0	7	7.31746	29.2698	47.6972
0	7	14.6349	29.2698	47.6972
0	7	21.9524	29.2698	47.6972
0	7	29.2698	29.2698	47.6972
0	8	5.41492	20.0498	59.4171
0	8	1.82937	16.4643	56.3509
0	8	12.7324	20.0498	59.4171
0	8	9.14683	16.4643	56.3509
0	8	20.0498	20.0498	59.4171
0	8	16.4643	16.4643	56.3509
0	8	27.3673	20.0498	59.4171
0	8	23.7818	16.4643	56.3509
0	8	34.6848	20.0498	59.4171
0	8	31.0992	16.4643	56.3509
0	8	5.41492	27.3673	59.4171
0	8	1.82937	23.7818	56.3509
0	8	0	21.9524	54.5111
0	8	12.7324	27.3673	59.4171
0	8	9.14683	23.7818	56.3509
0	8	7.31746	21.9524	54.5111
0	8	20.0498	27.3673	59.4171
0	8	16.4643	23.7818	56.3509
0	8	14.6349	21.9524	54.5111
0	8	27.3673	27.3673	59.4171
0	8	23.7818	23.7818	56.3509
0	8	21.9524	21.9524	54.5111
0	8	34.6848	27.3673	59.4171
0	8	31.0992	23.7818	56.3509
0	8	29.2698	21.9524	54.5111
0	8	0	29.2698	54.5111
0	8	7.31746	29.2698	54.5111
0	8	14.6349	29.2698	54.5111
0	8	21.9524	29.2698	54.5111
0	8	29.2698	29.2698	54.5111
0	9	5.41492	20.0498	66.231
0	9	1.82937	16.4643	63.1647
0	9	12.7324	20.0498	66.231
0	9	9.14683	16.4643	63.1647
0	9	20.0498	20.0498	66.231
0	9	16.4643	16.4643	63.1647
0	9	27.3673	20.0498	66.231
0	9	23.7818	16.4643	63.1647
0	9	34.6848	20.0498	66.231
0	9	31.0992	16.4643	63.1647
0	9	5.41492	27.3673	66.231
0	9	1.82937	23.7818	63.1647
0	9	0	21.9524	61.325
0	9	12.7324	27.3673	66.231
0	9	9.14683	23.7818	63.1647
0	9	7.31746	21.9524	61.325
0	9	20.0498	27.3673	66.231
0	9	16.4643	23.7818	63.1647
0	9	14.6349	21.9524	61.325
0	9	27.3673	27.3673	66.231
0	9	23.7818	23.7818	63.1647
0	9	21.9524	21.9524	61.325
0	9	34.6848	27.3673	66.231
0	9	31.0992	23.7818	63.1647
0	9	29.2698	21.9524	61.325
0	9	0	29.2698	61.325
0	9	7.31746	29.2698	61.325
0	9	14.6349	29.2698	61.325
0	9	21.9524	29.2698	61.325
0	9	29.2698	29.2698	61.325
0	0	5.41492	34.6848	4.906
0	0	1.82937	31.0992	1.83975
0	0	12.7324	34.6848	4.906
0	0	9.14683	31.0992	1.83975
0	0	20.0498	34.6848	4.906
0	0	16.4643	31.0992	1.83975
0	0	27.3673	34.6848	4.906
0	0	23.7818	31.0992	1.83975
0	0	34.6848	34.6848	4.906
0	0	31.0992	31.0992	1.83975
0	0	5.41492	42.0022	4.906
0	0	1.82937	38.4167	1.83975
0	0	0	36.5873	0
0	0	12.7324	42.0022	4.906
0	0	9.14683	38.4167	1.83975
0	0	7.31746	36.5873	0
0	0	20.0498	42.0022	4.906
0	0	16.4643	38.4167	1.83975
0	0	14.6349	36.5873	0
0	0	27.3673	42.0022	4.906
0	0	23.7818	38.4167	1.83975
0	0	21.9524	36.5873	0
0	0	34.6848	42.0022	4.906
0	0	31.0992	38.4167	1.83975
0	0	29.2698	36.5873	0
0	0	0	43.9048	0
0	0	7.31746	43.9048	0
0	0	14.6349	43.9048	0
0	0	21.9524	43.9048	0
0	0	29.2698	43.9048	0
0	1	5.41492	34.6848	11.7199
0	1	1.82937	31.0992	8.65364
0	1	12.7324	34.6848	11.7199
0	1	9.14683	31.0992	8.65364
0	1	20.0498	34.6848	11.7199
0	1	16.4643	31.0992	8.65364
0	1	27.3673	34.6848	11.7199
0	1	23.7818	31.0992	8.65364
0	1	34.6848	34.6848	11.7199
0	1	31.0992	31.0992	8.65364
0	1	5.41492	42.0022	11.7199
0	1	1.82937	38.4167	8.65364
0	1	0	36.5873	6.81389
0	1	12.7324	42.0022	11.7199
0	1	9.14683	38.4167	8.65364
0	1	7.31746	36.5873	6.81389
0	1	20.0498	42.0022	11.7199
0	1	16.4643	38.4167	8.65364
0	1	14.6349	36.5873	6.81389
0	1	27.3673	42.0022	11.7199
0	1	23.7818	38.4167	8.65364
0	1	21.9524	36.5873	6.81389
0	1	34.6848	42.0022	11.7199
0	1	31.0992	38.4167	8.65364
0	1	29.2698	36.5873	6.81389
0	1	0	43.9048	6.81389
0	1	7.31746	43.9048	6.81389
0	1	14.6349	43.9048	6.81389
0	1	21.9524	43.9048	6.81389
0	1	29.2698	43.9048	6.81389
0	2	5.41492	34.6848	18.5338
0	2	1.82937	31.0992	15.4675
0	2	12.7324	34.6848	18.5338
0	2	9.14683	31.0992	15.4675
0	2	20.0498	34.6848	18.5338
0	2	16.4643	31.0992	15.4675
0	2	27.3673	34.6848	18.5338
0	2	23.7818	31.0992	15.4675
0	2	34.6848	34.6848	18.5338
0	2	31.0992	31.0992	15.4675
0	2	5.41492	42.0022	18.5338
0	2	1.82937	38.4167	15.4675
0	2	0	36.5873	13.6278
0	2	12.7324	42.0022	18.5338
0	2	9.14683	38.4167	15.4675
0	2	7.31746	36.5873	13.6278
0	2	20.0498	42.0022	18.5338
0	2	16.4643	38.4167	15.4675
0	2	14.6349	36.5873	13.6278
0	2	27.3673	42.0022	18.5338
0	2	23.7818	38.4167	15.4675
0	2	21.9524	36.5873	13.6278
0	2	34.6848	42.0022	18.5338
0	2	31.0992	38.4167	15.4675
0	2	29.2698	36.5873	13.6278
0	2	0	43.9048	13.6278
0	2	7.31746	43.9048	13.6278
0	2	14.6349	43.9048	13.6278
0	2	21.9524	43.9048	13.6278
0	2	29.2698	43.9048	13.6278
0	3	5.41492	34.6848	25.3477
0	3	1.82937	31.0992	22.2814
0	3	12.7324	34.6848	25.3477
0	3	9.14683	31.0992	22.2814
0	3	20.0498	34.6848	25.3477
0	3	16.4643	31.0992	22.2814
0	3	27.3673	34.6848	25.3477
0	3	23.7818	31.0992	22.2814
0	3	34.6848	34.6848	25.3477
0	3	31.0992	31.0992	22.2814
0	3	5.41492	42.0022	25.3477
0	3	1.82937	38.4167	22.2814
0	3	0	36.5873	20.4417
0	3	12.7324	42.0022	25.3477
0	3	9.14683	38.4167	22.2814
0	3	7.31746	36.5873	20.4417
0	3	20.0498	42.0022	25.3477
0	3	16.4643	38.4167	22.2814
0	3	14.6349	36.5873	20.4417
0	3	27.3673	42.0022	25.3477
0	3	23.7818	38.4167	22.2814
0	3	21.9524	36.5873	20.4417
0	3	34.6848	42.0022	25.3477
0	3	31.0992	38.4167	22.2814
0	3	29.2698	36.5873	20.4417
0	3	0	43.9048	20.4417
0	3	7.31746	43.9048	20.4417
0	3	14.6349	43.9048	20.4417
0	3	21.9524	43.9048	20.4417
0	3	29.2698	43.9048	20.4417
0	4	5.41492	34.6848	32.1616
0	4	1.82937	31.0992	29.0953
0	4	12.7324	34.6848	32.1616
0	4	9.14683	31.0992	29.0953
0	4	20.0498	34.6848	32.1616
0	4	16.4643	31.0992	29.0953
0	4	27.3673	34.6848	32.1616
0	4	23.7818	31.0992	29.0953
0	4	34.6848	34.6848	32.1616
0	4	31.0992	31.0992	29.0953
0	4	5.41492	42.0022	32.1616
0	4	1.82937	38.4167	29.0953
0	4	0	36.5873	27.2556
0	4	12.7324	42.0022	32.1616
0	4	9.14683	38.4167	29.0953
0	4	7.31746	36.5873	27.2556
0	4	20.0498	42.0022	32.1616
0	4	16.4643	38.4167	29.0953
0	4	14.6349	36.5873	27.2556
0	4	27.3673	42.0022	32.1616
0	4	23.7818	38.4167	29.0953
0	4	21.9524	36.5873	27.2556
0	4	34.6848	42.0022	32.1616
0	4	31.0992	38.4167	29.0953
0	4	29.2698	36.5873	27.2556
0	4	0	43.9048	27.2556
0	4	7.31746	43.9048	27.2556
0	4	14.6349	43.9048	27.2556
0	4	21.9524	43.9048	27.2556
0	4	29.2698	43.9048	27.2556
0	5	5.41492	34.6848	38.9754
0	5	1.82937	31.0992	35.9092
0	5	12.7324	34.6848	38.9754
0	5	9.14683	31.0992	35.9092
0	5	20.0498	34.6848	38.9754
0	5	16.4643	31.0992	35.9092
0	5	27.3673	34.6848	38.9754
0	5	23.7818	31.0992	35.9092
0	5	34.6848	34.6848	38.9754
0	5	31.0992	31.0992	35.9092
0	5	5.41492	42.0022	38.9754
0	5	1.82937	38.4167	35.9092
0	5	0	36.5873	34.0694
0	5	12.7324	42.0022	38.9754
0	5	9.14683	38.4167	35.9092
0	5	7.31746	36.5873	34.0694
0	5	20.0498	42.0022	38.9754
0	5	16.4643	38.4167	35.9092
0	5	14.6349	36.5873	34.0694
0	5	27.3673	42.0022	38.9754
0	5	23.7818	38.4167	35.9092
0	5	21.9524	36.5873	34.0694
0	5	34.6848	42.0022	38.9754
0	5	31.0992	38.4167	35.9092
0	5	29.2698	36.5873	34.0694
0	5	0	43.9048	34.0694
0	5	7.31746	43.9048	34.0694
0	5	14.6349	43.9048	34.0694
0	5	21.9524	43.9048	34.0694
0	5	29.2698	43.9048	34.0694
0	6	5.41492	34.6848	45.7893
0	6	1.82937	31.0992	42.7231
0	6	12.7324	34.6848	45.7893
0	6	9.14683	31.0992	42.7231
0	6	20.0498	34.6848	45.7893
0	6	16.4643	31.0992	42.7231
0	6	27.3673	34.6848	45.7893
0	6	23.7818	31.0992	42.7231
0	6	34.6848	34.6848	45.7893
0	6	31.0992	31.0992	42.7231
0	6	5.41492	42.0022	45.7893
0	6	1.82937	38.4167	42.7231
0	6	0	36.5873	40.8833
0	6	12.7324	42.0022	45.7893
0	6	9.14683	38.4167	42.7231
0	6	7.31746	36.5873	40.8833
0	6	20.0498	42.0022	45.7893
0	6	16.4643	38.4167	42.7231
0	6	14.6349	36.5873	40.8833
0	6	27.3673	42.0022	45.7893
0	6	23.7818	38.4167	42.7231
0	6	21.9524	36.5873	40.8833
0	6	34.6848	42.0022	45.7893
0	6	31.0992	38.4167	42.7231
0	6	29.2698	36.5873	40.8833
0	6	0	43.9048	40.8833
0	6	7.31746	43.9048	40.8833
0	6	14.6349	43.9048	40.8833
0	6	21.9524	43.9048	40.8833
0	6	29.2698	43.9048	40.8833
0	7	5.41492	34.6848	52.6032
0	7	1.82937	31.0992	49.537
0	7	12.7324	34.6848	52.6032
0	7	9.14683	31.0992	49.537
0	7	20.0498	34.6848	52.6032
0	7	16.4643	31.0992	49.537
0	7	27.3673	34.6848	52.6032
0	7	23.7818	31.0992	49.537
0	7	34.6848	34.6848	52.6032
0	7	31.0992	31.0992	49.537
0	7	5.41492	42.0022	52.6032
0	7	1.82937	38.4167	49.537
0	7	0	36.5873	47.6972
0	7	12.7324	42.0022	52.6032
0	7	9.14683	38.4167	49.537
0	7	7.31746	36.5873	47.6972
0	7	20.0498	42.0022	52.6032
0	7	16.4643	38.4167	49.537
0	7	14.6349	36.5873	47.6972
0	7	27.3673	42.0022	52.6032
0	7	23.7818	38.4167	49.537
0	7	21.9524	36.5873	47.6972
0	7	34.6848	42.0022	52.6032
0	7	31.0992	38.4167	49.537
0	7	29.2698	36.5873	47.6972
0	7	0	43.9048	47.6972
0	7	7.31746	43.9048	47.6972
0	7	14.6349	43.9048	47.6972
0	7	21.9524	43.9048	47.6972
0	7	29.2698	43.9048	47.6972
0	8	5.41492	34.6848	59.4171
0	8	1.82937	31.0992	56.3509
0	8	12.7324	34.6848	59.4171
0	8	9.14683	31.0992	56.3509
0	8	20.0498	34.6848	59.4171
0	8	16.4643	31.0992	56.3509
0	8	27.3673	34.6848	59.4171
0	8	23.7818	31.0992	56.3509
0	8	34.6848	34.6848	59.4171
0	8	31.0992	31.0992	56.3509
0	8	5.41492	42.0022	59.4171
0	8	1.82937	38.4167	56.3509
0	8	0	36.5873	54.5111
0	8	12.7324	42.0022	59.4171
0	8	9.14683	38.4167	56.3509
0	8	7.31746	36.5873	54.5111
0	8	20.0498	42.0022	59.4171
0	8	16.4643	38.4167	56.3509
0	8	14.6349	36.5873	54.5111
0	8	27.3673	42.0022	59.4171
0	8	23.7818	38.4167	56.3509
0	8	21.9524	36.5873	54.5111
0	8	34.6848	42.0022	59.4171
0	8	31.0992	38.4167	56.3509
0	8	29.2698	36.5873	54.5111
0	8	0	43.9048	54.5111
0	8	7.31746	43.9048	54.5111
0	8	14.6349	43.9048	54.5111
0	8	21.9524	43.9048	54.5111
0	8	29.2698	43.9048	54.5111
0	9	5.41492	34.6848	66.231
0	9	1.82937	31.0992	63.1647
0	9	12.7324	34.6848	66.231
0	9	9.14683	31.0992	63.1647
0	9	20.0498	34.6848	66.231
0	9	16.4643	31.0992	63.1647
0	9	27.3673	34.6848	66.231
0	9	23.7818	31.0992	63.1647
0	9	34.6848	34.6848	66.231
0	9	31.0992	31.0992	63.1647
0	9	5.41492	42.0022	66.231
0	9	1.82937	38.4167	63.1647
0	9	0	36.5873	61.325
0	9	12.7324	42.0022	66.231
0	9	9.14683	38.4167	63.1647
0	9	7.31746	36.5873	61.325
0	9	20.0498	42.0022	66.231
0	9	16.4643	38.4167	63.1647
0	9	14.6349	36.5873	61.325
0	9	27.3673	42.0022	66.231
0	9	23.7818	38.4167	63.1647
0	9	21.9524	36.5873	61.325
0	9	34.6848	42.0022	66.231
0	9	31.0992	38.4167	63.1647
0	9	29.2698	36.5873	61.325
0	9	0	43.9048	61.325
0	9	7.31746	43.9048	61.325
0	9	14.6349	43.9048	61.325
0	9	21.9524	43.9048	61.325
0	9	29.2698	43.9048	61.325
0	0	5.41492	49.3197	4.906
0	0	1.82937	45.7341	1.83975
0	0	12.7324	49.3197	4.906
0	0	9.14683	45.7341	1.83975
0	0	20.0498	49.3197	4.906
0	0	16.4643	45.7341	1.83975
0	0	27.3673	49.3197	4.906
0	0	23.7818	45.7341	1.83975
0	0	34.6848	49.3197	4.906
0	0	31.0992	45.7341	1.83975
0	0	5.41492	56.6372	4.906
0	0	1.82937	53.0516	1.83975
0	0	0	51.2222	0
0	0	12.7324	56.6372	4.906
0	0	9.14683	53.0516	1.83975
0	0	7.31746	51.2222	0
0	0	20.0498	56.6372	4.906
0	0	16.4643	53.0516	1.83975
0	0	14.6349	51.2222	0
0	0	27.3673	56.6372	4.906
0	0	23.7818	53.0516	1.83975
0	0	21.9524	51.2222	0
0	0	34.6848	56.6372	4.906
0	0	31.0992	53.0516	1.83975
0	0	29.2698	51.2222	0
0	0	0	58.5397	0
0	0	7.31746	58.5397	0
0	0	14.6349	58.5397	0
0	0	21.9524	58.5397	0
0	0	29.2698	58.5397	0
0	1	5.41492	49.3197	11.7199
0	1	1.82937	45.7341	8.65364
0	1	12.7324	49.3197	11.7199
0	1	9.14683	45.7341	8.65364
0	1	20.0498	49.3197	11.7199
0	1	16.4643	45.7341	8.65364
0	1	27.3673	49.3197	11.7199
0	1	23.7818	45.7341	8.65364
0	1	34.6848	49.3197	11.7199
0	1	31.0992	45.7341	8.65364
0	1	5.41492	56.6372	11.7199
0	1	1.82937	53.0516	8.65364
0	1	0	51.2222	6.81389
0	1	12.7324	56.6372	11.7199
0	1	9.14683	53.0516	8.65364
0	1	7.31746	51.2222	6.81389
0	1	20.0498	56.6372	11.7199
0	1	16.4643	53.0516	8.65364
0	1	14.6349	51.2222	6.81389
0	1	27.3673	56.6372	11.7199
0	1	23.7818	53.0516	8.65364
0	1	21.9524	51.2222	6.81389
0	1	34.6848	56.6372	11.7199
0	1	31.0992	53.0516	8.65364
0	1	29.2698	51.2222	6.81389
0	1	0	58.5397	6.81389
0	1	7.31746	58.5397	6.81389
0	1	14.6349	58.5397	6.81389
0	1	21.9524	58.5397	6.81389
0	1	29.2698	58.5397	6.81389
0	2	5.41492	49.3197	18.5338
0	2	1.82937	45.7341	15.4675
0	2	12.7324	49.3197	18.5338
0	2	9.14683	45.7341	15.4675
0	2	20.0498	49.3197	18.5338
0	2	16.4643	45.7341	15.4675
0	2	27.3673	49.3197	18.5338
0	2	23.7818	45.7341	15.4675
0	2	34.6848	49.3197	18.5338
0	2	31.0992	45.7341	15.4675
0	2	5.41492	56.6372	18.5338
0	2	1.82937	53.0516	15.4675
0	2	0	51.2222	13.6278
0	2	12.7324	56.6372	18.5338
0	2	9.14683	53.0516	15.4675
0	2	7.31746	51.2222	13.6278
0	2	20.0498	56.6372	18.5338
0	2	16.4643	53.0516	15.4675
0	2	14.6349	51.2222	13.6278
0	2	27.3673	56.6372	18.5338
0	2	23.7818	53.0516	15.4675
0	2	21.9524	51.2222	13.6278
0	2	34.6848	56.6372	18.5338
0	2	31.0992	53.0516	15.4675
0	2	29.2698	51.2222	13.6278
0	2	0	58.5397	13.6278
0	2	7.31746	58.5397	13.6278
0	2	14.6349	58.5397	13.6278
0	2	21.9524	58.5397	13.6278
0	2	29.2698	58.5397	13.6278
0	3	5.41492	49.3197	25.3477
0	3	1.82937	45.7341	22.2814
0	3	12.7324	49.3197	25.3477
0	3	9.14683	45.7341	22.2814
0	3	20.0498	49.3197	25.3477
0	3	16.4643	45.7341	22.2814
0	3	27.3673	49.3197	25.3477
0	3	23.7818	45.7341	22.2814
0	3	34.6848	49.3197	25.3477
0	3	31.0992	45.7341	22.2814
0	3	5.41492	56.6372	25.3477
0	3	1.82937	53.0516	22.2814
0	3	0	51.2222	20.4417
0	3	12.7324	56.6372	25.3477
0	3	9.14683	53.0516	22.2814
0	3	7.31746	51.2222	20.4417
0	3	20.0498	56.6372	25.3477
0	3	16.4643	53.0516	22.2814
0	3	14.6349	51.2222	20.4417
0	3	27.3673	56.6372	25.3477
0	3	23.7818	53.0516	22.2814
0	3	21.9524	51.2222	20.4417
0	3	34.6848	56.6372	25.3477
0	3	31.0992	53.0516	22.2814
0	3	29.2698	51.2222	20.4417
0	3	0	58.5397	20.4417
0	3	7.31746	58.5397	20.4417
0	3	14.6349	58.5397	20.4417
0	3	21.9524	58.5397	20.4417
0	3	29.2698	58.5397	20.4417
0	4	5.41492	49.3197	32.1616
0	4	1.82937	45.7341	29.0953
0	4	12.7324	49.3197	32.1616
0	4	9.14683	45.7341	29.0953
0	4	20.0498	49.3197	32.1616
0	4	16.4643	45.7341	29.0953
0	4	27.3673	49.3197	32.1616
0	4	23.7818	45.7341	29.0953
0	4	34.6848	49.3197	32.1616
0	4	31.0992	45.7341	29.0953
0	4	5.41492	56.6372	32.1616
0	4	1.82937	53.0516	29.0953
0	4	0	51.2222	27.2556
0	4	12.7324	56.6372	32.1616
0	4	9.14683	53.0516	29.0953
0	4	7.31746	51.2222	27.2556
0	4	20.0498	56.6372	32.1616
0	4	16.4643	53.0516	29.0953
0	4	14.6349	51.2222	27.2556
0	4	27.3673	56.6372	32.1616
0	4	23.7818	53.0516	29.0953
0	4	21.9524	51.2222	27.2556
0	4	34.6848	56.6372	32.1616
0	4	31.0992	53.0516	29.0953
0	4	29.2698	51.2222	27.2556
0	4	0	58.5397	27.2556
0	4	7.31746	58.5397	27.2556
0	4	14.6349	58.5397	27.2556
0	4	21.9524	58.5397	27.2556
0	4	29.2698	58.5397	27.2556
0	5	5.41492	49.3197	38.9754
0	5	1.82937	45.7341	35.9092
0	5	12.7324	49.3197	38.9754
0	5	9.14683	45.7341	35.9092
0	5	20.0498	49.3197	38.9754
0	5	16.4643	45.7341	35.9092
0	5	27.3673	49.3197	38.9754
0	5	23.7818	45.7341	35.9092
0	5	34.6848	49.3197	38.9754
0	5	31.0992	45.7341	35.9092
0	5	5.41492	56.6372	38.9754
0	5	1.82937	53.0516	35.9092
0	5	0	51.2222	34.0694
0	5	12.7324	56.6372	38.9754
0	5	9.14683	53.0516	35.9092
0	5	7.31746	51.2222	34.0694
0	5	20.0498	56.6372	38.9754
0	5	16.4643	53.0516	35.9092
0	5	14.6349	51.2222	34.0694
0	5	27.3673	56.6372	38.9754
0	5	23.7818	53.0516	35.9092
0	5	21.9524	51.2222	34.0694
0	5	34.6848	56.6372	38.9754
0	5	31.0992	53.0516	35.9092
0	5	29.2698	51.2222	34.0694
0	5	0	58.5397	34.0694
0	5	7.31746	58.5397	34.0694
0	5	14.6349	58.5397	34.0694
0	5	21.9524	58.5397	34.0694
0	5	29.2698	58.5397	34.0694
0	6	5.41492	49.3197	45.7893
0	6	1.82937	45.7341	42.7231
0	6	12.7324	49.3197	45.7893
0	6	9.14683	45.7341	42.7231
0	6	20.0498	49.3197	45.7893
0	6	16.4643	45.7341	42.7231
0	6	27.3673	49.3197	45.7893
0	6	23.7818	45.7341	42.7231
0	6	34.6848	49.3197	45.7893
0	6	31.0992	45.7341	42.7231
0	6	5.41492	56.6372	45.7893
0	6	1.82937	53.0516	42.7231
0	6	0	51.2222	40.8833
0	6	12.7324	56.6372	45.7893
0	6	9.14683	53.0516	42.7231
0	6	7.31746	51.2222	40.8833
0	6	20.0498	56.6372	45.7893
0	6	16.4643	53.0516	42.7231
0	6	14.6349	51.2222	40.8833
0	6	27.3673	56.6372	45.7893
0	6	23.7818	53.0516	42.7231
0	6	21.9524	51.2222	40.8833
0	6	34.6848	56.6372	45.7893
0	6	31.0992	53.0516	42.7231
0	6	29.2698	51.2222	40.8833
0	6	0	58.5397	40.8833
0	6	7.31746	58.5397	40.8833
0	6	14.6349	58.5397	40.8833
0	6	21.9524	58.5397	40.8833
0	6	29.2698	58.5397	40.8833
0	7	5.41492	49.3197	52.6032
0	7	1.82937	45.7341	49.537
0	7	12.7324	49.3197	52.6032
0	7	9.14683	45.7341	49.537
0	7	20.0498	49.3197	52.6032
0	7	16.4643	45.7341	49.537
0	7	27.3673	49.3197	52.6032
0	7	23.7818	45.7341	49.537
0	7	34.6848	49.3197	52.6032
0	7	31.0992	45.7341	49.537
0	7	5.41492	56.6372	52.6032
0	7	1.82937	53.0516	49.537
0	7	0	51.2222	47.6972
0	7	12.7324	56.6372	52.6032
0	7	9.14683	53.0516	49.537
0	7	7.31746	51.2222	47.6972
0	7	20.0498	56.6372	52.6032
0	7	16.4643	53.0516	49.537
0	7	14.6349	51.2222	47.6972
0	7	27.3673	56.6372	52.6032
0	7	23.7818	53.0516	49.537
0	7	21.9524	51.2222	47.6972
0	7	34.6848	56.6372	52.6032
0	7	31.0992	53.0516	49.537
0	7	29.2698	51.2222	47.6972
0	7	0	58.5397	47.6972
0	7	7.31746	58.5397	47.6972
0	7	14.6349	58.5397	47.6972
0	7	21.9524	58.5397	47.6972
0	7	29.2698	58.5397	47.6972
0	8	5.41492	49.3197	59.4171
0	8	1.82937	45.7341	56.3509
0	8	12.7324	49.3197	59.4171
0	8	9.14683	45.7341	56.3509
0	8	20.0498	49.3197	59.4171
0	8	16.4643	45.7341	56.3509
0	8	27.3673	49.3197	59.4171
0	8	23.7818	45.7341	56.3509
0	8	34.6848	49.3197	59.4171
0	8	31.0992	45.7341	56.3509
0	8	5.41492	56.6372	59.4171
0	8	1.82937	53.0516	56.3509
0	8	0	51.2222	54.5111
0	8	12.7324	56.6372	59.4171
0	8	9.14683	53.0516	56.3509
0	8	7.31746	51.2222	54.5111
0	8	20.0498	56.6372	59.4171
0	8	16.4643	53.0516	56.3509
0	8	14.6349	51.2222	54.5111
0	8	27.3673	56.6372	59.4171
0	8	23.7818	53.0516	56.3509
0	8	21.9524	51.2222	54.5111
0	8	34.6848	56.6372	59.4171
0	8	31.0992	53.0516	56.3509
0	8	29.2698	51.2222	54.5111
0	8	0	58.5397	54.5111
0	8	7.31746	58.5397	54.5111
0	8	14.6349	58.5397	54.5111
0	8	21.9524	58.5397	54.5111
0	8	29.2698	58.5397	54.5111
0	9	5.41492	49.3197	66.231
0	9	1.82937	45.7341	63.1647
0	9	12.7324	49.3197	66.231
0	9	9.14683	45.7341	63.1647
0	9	20.0498	49.3197	66.231
0	9	16.4643	45.7341	63.1647
0	9	27.3673	49.3197	66.231
0	9	23.7818	45.7341	63.1647
0	9	34.6848	49.3197	66.231
0	9	31.0992	45.7341	63.1647
0	9	5.41492	56.6372	66.231
0	9	1.82937	53.0516	63.1647
0	9	0	51.2222	61.325
0	9	12.7324	56.6372	66.231
0	9	9.14683	53.0516	63.1647
0	9	7.31746	51.2222	61.325
0	9	20.0498	56.6372	66.231
0	9	16.4643	53.0516	63.1647
0	9	14.6349	51.2222	61.325
0	9	27.3673	56.6372	66.231
0	9	23.7818	53.0516	63.1647
0	9	21.9524	51.2222	61.325
0	9	34.6848	56.6372	66.231
0	9	31.0992	53.0516	63.1647
0	9	29.2698	51.2222	61.325
0	9	0	58.5397	61.325
0	9	7.31746	58.5397	61.325
0	9	14.6349	58.5397	61.325
0	9	21.9524	58.5397	61.325
0	9	29.2698	58.5397	61.325
0	0	5.41492	63.9546	4.906
0	0	1.82937	60.3691	1.83975
0	0	12.7324	63.9546	4.906
0	0	9.14683	60.3691	1.83975
0	0	20.0498	63.9546	4.906
0	0	16.4643	60.3691	1.83975
0	0	27.3673	63.9546	4.906
0	0	23.7818	60.3691	1.83975
0	0	34.6848	63.9546	4.906
0	0	31.0992	60.3691	1.83975
0	0	5.41492	71.2721	4.906
0	0	1.82937	67.6865	1.83975
0	0	0	65.8572	0
0	0	12.7324	71.2721	4.906
0	0	9.14683	67.6865	1.83975
0	0	7.31746	65.8572	0
0	0	20.0498	71.2721	4.906
0	0	16.4643	67.6865	1.83975
0	0	14.6349	65.8572	0
0	0	27.3673	71.2721	4.906
0	0	23.7818	67.6865	1.83975
0	0	21.9524	65.8572	0
0	0	34.6848	71.2721	4.906
0	0	31.0992	67.6865	1.83975
0	0	29.2698	65.8572	0
0	1	5.41492	63.9546	11.7199
0	1	1.82937	60.3691	8.65364
0	1	12.7324	63.9546	11.7199
0	1	9.14683	60.3691	8.65364
0	1	20.0498	63.9546	11.7199
0	1	16.4643	60.3691	8.65364
0	1	27.3673	63.9546	11.7199
0	1	23.7818	60.3691	8.65364
0	1	34.6848	63.9546	11.7199
0	1	31.0992	60.3691	8.65364
0	1	5.41492	71.2721	11.7199
0	1	1.82937	67.6865	8.65364
0	1	0	65.8572	6.81389
0	1	12.7324	71.2721	11.7199
0	1	9.14683	67.6865	8.65364
0	1	7.31746	65.8572	6.81389
0	1	20.0498	71.2721	11.7199
0	1	16.4643	67.6865	8.65364
0	1	14.6349	65.8572	6.81389
0	1	27.3673	71.2721	11.7199
0	1	23.7818	67.6865	8.65364
0	1	21.9524	65.8572	6.81389
0	1	34.6848	71.2721	11.7199
0	1	31.0992	67.6865	8.65364
0	1	29.2698	65.8572	6.81389
0	2	5.41492	63.9546	18.5338
0	2	1.82937	60.3691	15.4675
0	2	12.7324	63.9546	18.5338
0	2	9.14683	60.3691	15.4675
0	2	20.0498	63.9546	18.5338
0	2	16.4643	60.3691	15.4675
0	2	27.3673	63.9546	18.5338
0	2	23.7818	60.3691	15.4675
0	2	34.6848	63.9546	18.5338
0	2	31.0992	60.3691	15.4675
0	2	5.41492	71.2721	18.5338
0	2	1.82937	67.6865	15.4675
0	2	0	65.8572	13.6278
0	2	12.7324	71.2721	18.5338
0	2	9.14683	67.6865	15.4675
0	2	7.31746	65.8572	13.6278
0	2	20.0498	71.2721	18.5338
0	2	16.4643	67.6865	15.4675
0	2	14.6349	65.8572	13.6278
0	2	27.3673	71.2721	18.5338
0	2	23.7818	67.6865	15.4675
0	2	21.9524	65.8572	13.6278
0	2	34.6848	71.2721	18.5338
0	2	31.0992	67.6865	15.4675
0	2	29.2698	65.8572	13.6278
0	3	5.41492	63.9546	25.3477
0	3	1.82937	60.3691	22.2814
0	3	12.7324	63.9546	25.3477
0	3	9.14683	60.3691	22.2814
0	3	20.0498	63.9546	25.3477
0	3	16.4643	60.3691	22.2814
0	3	27.3673	63.9546	25.3477
0	3	23.7818	60.3691	22.2814
0	3	34.6848	63.9546	25.3477
0	3	31.0992	60.3691	22.2814
0	3	5.41492	71.2721	25.3477
0	3	1.82937	67.6865	22.2814
0	3	0	65.8572	20.4417
0	3	12.7324	71.2721	25.3477
0	3	9.14683	67.6865	22.2814
0	3	7.31746	65.8572	20.4417
0	3	20.0498	71.2721	25.3477
0	3	16.4643	67.6865	22.2814
0	3	14.6349	65.8572	20.4417
0	3	27.3673	71.2721	25.3477
0	3	23.7818	67.6865	22.2814
0	3	21.9524	65.8572	20.4417
0	3	34.6848	71.2721	25.3477
0	3	31.0992	67.6865	22.2814
0	3	29.2698	65.8572	20.4417
0	4	5.41492	63.9546	32.1616
0	4	1.82937	60.3691	29.0953
0	4	12.7324	63.9546	32.1616
0	4	9.14683	60.3691	29.0953
0	4	20.0498	63.9546	32.1616
0	4	16.4643	60.3691	29.0953
0	4	27.3673	63.9546	32.1616
0	4	23.7818	60.3691	29.0953
0	4	34.6848	63.9546	32.1616
0	4	31.0992	60.3691	29.0953
0	4	5.41492	71.2721	32.1616
0	4	1.82937	67.6865	29.0953
0	4	0	65.8572	27.2556
0	4	12.7324	71.2721	32.1616
0	4	9.14683	67.6865	29.0953
0	4	7.31746	65.8572	27.2556
0	4	20.0498	71.2721	32.1616
0	4	16.4643	67.6865	29.0953
0	4	14.6349	65.8572	27.2556
0	4	27.3673	71.2721	32.1616
0	4	23.7818	67.6865	29.0953
0	4	21.9524	65.8572	27.2556
0	4	34.6848	71.2721	32.1616
0	4	31.0992	67.6865	29.0953
0	4	29.2698	65.8572	27.2556
0	5	5.41492	63.9546	38.9754
0	5	1.82937	60.3691	35.9092
0	5	12.7324	63.9546	38.9754
0	5	9.14683	60.3691	35.9092
0	5	20.0498	63.9546	38.9754
0	5	16.4643	60.3691	35.9092
0	5	27.3673	63.9546	38.9754
0	5	23.7818	60.3691	35.9092
0	5	34.6848	63.9546	38.9754
0	5	31.0992	60.3691	35.9092
0	5	5.41492	71.2721	38.9754
0	5	1.82937	67.6865	35.9092
0	5	0	65.8572	34.0694
0	5	12.7324	71.2721	38.9754
0	5	9.14683	67.6865	35.9092
0	5	7.31746	65.8572	34.0694
0	5	20.0498	71.2721	38.9754
0	5	16.4643	67.6865	35.9092
0	5	14.6349	65.8572	34.0694
0	5	27.3673	71.2721	38.9754
0	5	23.7818	67.6865	35.9092
0	5	21.9524	65.8572	34.0694
0	5	34.6848	71.2721	38.9754
0	5	31.0992	67.6865	35.9092
0	5	29.2698	65.8572	34.0694
0	6	5.41492	63.9546	45.7893
0	6	1.82937	60.3691	42.7231
0	6	12.7324	63.9546	45.7893
0	6	9.14683	60.3691	42.7231
0	6	20.0498	63.9546	45.7893
0	6	16.4643	60.3691	42.7231
0	6	27.3673	63.9546	45.7893
0	6	23.7818	60.3691	42.7231
0	6	34.6848	63.9546	45.7893
0	6	31.0992	60.3691	42.7231
0	6	5.41492	71.2721	45.7893
0	6	1.82937	67.6865	42.7231
0	6	0	65.8572	40.8833
0	6	12.7324	71.2721	45.7893
0	6	9.14683	67.6865	42.7231
0	6	7.31746	65.8572	40.8833
0	6	20.0498	71.2721	45.7893
0	6	16.4643	67.6865	42.7231
0	6	14.6349	65.8572	40.8833
0	6	27.3673	71.2721	45.7893
0	6	23.7818	67.6865	42.7231
0	6	21.9524	65.8572	40.8833
0	6	34.6848	71.2721	45.7893
0	6	31.0992	67.6865	42.7231
0	6	29.2698	65.8572	40.8833
0	7	5.41492	63.9546	52.6032
0	7	1.82937	60.3691	49.537
0	7	12.7324	63.9546	52.6032
0	7	9.14683	60.3691	49.537
0	7	20.0498	63.9546	52.6032
0	7	16.4643	60.3691	49.537
0	7	27.3673	63.9546	52.6032
0	7	23.7818	60.3691	49.537
0	7	34.6848	63.9546	52.6032
0	7	31.0992	60.3691	49.537
0	7	5.41492	71.2721	52.6032
0	7	1.82937	67.6865	49.537
0	7	0	65.8572	47.6972
0	7	12.7324	71.2721	52.6032
0	7	9.14683	67.6865	49.537
0	7	7.31746	65.8572	47.6972
0	7	20.0498	71.2721	52.6032
0	7	16.4643	67.6865	49.537
0	7	14.6349	65.8572	47.6972
0	7	27.3673	71.2721	52.6032
0	7	23.7818	67.6865	49.537
0	7	21.9524	65.8572	47.6972
0	7	34.6848	71.2721	52.6032
0	7	31.0992	67.6865	49.537
0	7	29.2698	65.8572	47.6972
0	8	5.41492	63.9546	59.4171
0	8	1.82937	60.3691	56.3509
0	8	12.7324	63.9546	59.4171
0	8	9.14683	60.3691	56.3509
0	8	20.0498	63.9546	59.4171
0	8	16.4643	60.3691	56.3509
0	8	27.3673	63.9546	59.4171
0	8	23.7818	60.3691	56.3509
0	8	34.6848	63.9546	59.4171
0	8	31.0992	60.3691	56.3509
0	8	5.41492	71.2721	59.4171
0	8	1.82937	67.6865	56.3509
0	8	0	65.8572	54.5111
0	8	12.7324	71.2721	59.4171
0	8	9.14683	67.6865	56.3509
0	8	7.31746	65.8572	54.5111
0	8	20.0498	71.2721	59.4171
0	8	16.4643	67.6865	56.3509
0	8	14.6349	65.8572	54.5111
0	8	27.3673	71.2721	59.4171
0	8	23.7818	67.6865	56.3509
0	8	21.9524	65.8572	54.5111
0	8	34.6848	71.2721	59.4171
0	8	31.0992	67.6865	56.3509
0	8	29.2698	65.8572	54.5111
0	9	5.41492	63.9546	66.231
0	9	1.82937	60.3691	63.1647
0	9	12.7324	63.9546	66.231
0	9	9.14683	60.3691	63.1647
0	9	20.0498	63.9546	66.231
0	9	16.4643	60.3691	63.1647
0	9	27.3673	63.9546	66.231
0	9	23.7818	60.3691	63.1647
0	9	34.6848	63.9546	66.231
0	9	31.0992	60.3691	63.1647
0	9	5.41492	71.2721	66.231
0	9	1.82937	67.6865	63.1647
0	9	0	65.8572	61.325
0	9	12.7324	71.2721	66.231
0	9	9.14683	67.6865	63.1647
0	9	7.31746	65.8572	61.325
0	9	20.0498	71.2721	66.231
0	9	16.4643	67.6865	63.1647
0	9	14.6349	65.8572	61.325
0	9	27.3673	71.2721	66.231
0	9	23.7818	67.6865	63.1647
0	9	21.9524	65.8572	61.325
0	9	34.6848	71.2721	66.231
0	9	31.0992	67.6865	63.1647
0	9	29.2698	65.8572	61.325
0	0	42.0022	5.41492	4.906
0	0	38.4167	1.82937	1.83975
0	0	36.5873	0	0
0	0	49.3197	5.41492	4.906
0	0	45.7341	1.82937	1.83975
0	0	43.9048	0	0
0	0	56.6372	5.41492	4.906
0	0	53.0516	1.82937	1.83975
0	0	51.2222	0	0
0	0	63.9546	5.41492	4.906
0	0	60.3691	1.82937	1.83975
0	0	58.5397	0	0
0	0	71.2721	5.41492	4.906
0	0	67.6865	1.82937	1.83975
0	0	65.8572	0	0
0	0	42.0022	12.7324	4.906
0	0	38.4167	9.14683	1.83975
0	0	36.5873	7.31746	0
0	0	49.3197	12.7324	4.906
0	0	45.7341	9.14683	1.83975
0	0	43.9048	7.31746	0
0	0	56.6372	12.7324	4.906
0	0	53.0516	9.14683	1.83975
0	0	51.2222	7.31746	0
0	0	63.9546	12.7324	4.906
0	0	60.3691	9.14683	1.83975
0	0	58.5397	7.31746	0
0	0	71.2721	12.7324	4.906
0	0	67.6865	9.14683	1.83975
0	0	65.8572	7.31746	0
0	0	36.5873	14.6349	0
0	0	43.9048	14.6349	0
0	0	51.2222	14.6349	0
0	0	58.5397	14.6349	0
0	0	65.8572	14.6349	0
0	1	42.0022	5.41492	11.7199
0	1	38.4167	1.82937	8.65364
0	1	36.5873	0	6.81389
0	1	49.3197	5.41492	11.7199
0	1	45.7341	1.82937	8.65364
0	1	43.9048	0	6.81389
0	1	56.6372	5.41492	11.7199
0	1	53.0516	1.82937	8.65364
0	1	51.2222	0	6.81389
0	1	63.9546	5.41492	11.7199
0	1	60.3691	1.82937	8.65364
0	1	58.5397	0	6.81389
0	1	71.2721	5.41492	11.7199
0	1	67.6865	1.82937	8.65364
0	1	65.8572	0	6.81389
0	1	42.0022	12.7324	11.7199
0	1	38.4167	9.14683	8.65364
0	1	36.5873	7.31746	6.81389
0	1	49.3197	12.7324	11.7199
0	1	45.7341	9.14683	8.65364
0	1	43.9048	7.31746	6.81389
0	1	56.6372	12.7324	11.7199
0	1	53.0516	9.14683	8.65364
0	1	51.2222	7.31746	6.81389
0	1	63.9546	12.7324	11.7199
0	1	60.3691	9.14683	8.65364
0	1	58.5397	7.31746	6.81389
0	1	71.2721	12.7324	11.7199
0	1	67.6865	9.14683	8.65364
0	1	65.8572	7.31746	6.81389
0	1	36.5873	14.6349	6.81389
0	1	43.9048	14.6349	6.81389
0	1	51.2222	14.6349	6.81389
0	1	58.5397	14.6349	6.81389
0	1	65.8572	14.6349	6.81389
0	2	42.0022	5.41492	18.5338
0	2	38.4167	1.82937	15.4675
0	2	36.5873	0	13.6278
0	2	49.3197	5.41492	18.5338
0	2	45.7341	1.82937	15.4675
0	2	43.9048	0	13.6278
0	2	56.6372	5.41492	18.5338
0	2	53.0516	1.82937	15.4675
0	2	51.2222	0	13.6278
0	2	63.9546	5.41492	18.5338
0	2	60.3691	1.82937	15.4675
0	2	58.5397	0	13.6278
0	2	71.2721	5.41492	18.5338
0	2	67.6865	1.82937	15.4675
0	2	65.8572	0	13.6278
0	2	42.0022	12.7324	18.5338
0	2	38.4167	9.14683	15.4675
0	2	36.5873	7.31746	13.6278
0	2	49.3197	12.7324	18.5338
0	2	45.7341	9.14683	15.4675
0	2	43.9048	7.31746	13.6278
0	2	56.6372	12.7324	18.5338
0	2	53.0516	9.14683	15.4675
0	2	51.2222	7.31746	13.6278
0	2	63.9546	12.7324	18.5338
0	2	60.3691	9.14683	15.4675
0	2	58.5397	7.31746	13.6278
0	2	71.2721	12.7324	18.5338
0	2	67.6865	9.14683	15.4675
0	2	65.8572	7.31746	13.6278
0	2	36.5873	14.6349	13.6278
0	2	43.9048	14.6349	13.6278
0	2	51.2222	14.6349	13.6278
0	2	58.5397	14.6349	13.6278
0	2	65.8572	14.6349	13.6278
0	3	42.0022	5.41492	25.3477
0	3	38.4167	1.82937	22.2814
0	3	36.5873	0	20.4417
0	3	49.3197	5.41492	25.3477
0	3	45.7341	1.82937	22.2814
0	3	43.9048	0	20.4417
0	3	56.6372	5.41492	25.3477
0	3	53.0516	1.82937	22.2814
0	3	51.2222	0	20.4417
0	3	63.9546	5.41492	25.3477
0	3	60.3691	1.82937	22.2814
0	3	58.5397	0	20.4417
0	3	71.2721	5.41492	25.3477
0	3	67.6865	1.82937	22.2814
0	3	65.8572	0	20.4417
0	3	42.0022	12.7324	25.3477
0	3	38.4167	9.14683	22.2814
0	3	36.5873	7.31746	20.4417
0	3	49.3197	12.7324	25.3477
0	3	45.7341	9.14683	22.2814
0	3	43.9048	7.31746	20.4417
0	3	56.6372	12.7324	25.3477
0	3	53.0516	9.14683	22.2814
0	3	51.2222	7.31746	20.4417
0	3	63.9546	12.7324	25.3477
0	3	60.3691	9.14683	22.2814
0	3	58.5397	7.31746	20.4417
0	3	71.2721	12.7324	25.3477
0	3	67.6865	9.14683	22.2814
0	3	65.8572	7.31746	20.4417
0	3	36.5873	14.6349	20.4417
0	3	43.9048	14.6349	20.4417
0	3	51.2222	14.6349	20.4417
0	3	58.5397	14.6349	20.4417
0	3	65.8572	14.6349	20.4417
0	4	42.0022	5.41492	32.1616
0	4	38.4167	1.82937	29.0953
0	4	36.5873	0	27.2556
0	4	49.3197	5.41492	32.1616
0	4	45.7341	1.82937	29.0953
0	4	43.9048	0	27.2556
0	4	56.6372	5.41492	32.1616
0	4	53.0516	1.82937	29.0953
0	4	51.2222	0	27.2556
0	4	63.9546	5.41492	32.1616
0	4	60.3691	1.82937	29.0953
0	4	58.5397	0	27.2556
0	4	71.2721	5.41492	32.1616
0	4	67.6865	1.82937	29.0953
0	4	65.8572	0	27.2556
0	4	42.0022	12.7324	32.1616
0	4	38.4167	9.14683	29.0953
0	4	36.5873	7.31746	27.2556
0	4	49.3197	12.7324	32.1616
0	4	45.7341	9.14683	29.0953
0	4	43.9048	7.31746	27.2556
0	4	56.6372	12.7324	32.1616
0	4	53.0516	9.14683	29.0953
0	4	51.2222	7.31746	27.2556
0	4	63.9546	12.7324	32.1616
0	4	60.3691	9.14683	29.0953
0	4	58.5397	7.31746	27.2556
0	4	71.2721	12.7324	32.1616
0	4	67.6865	9.14683	29.0953
0	4	65.8572	7.31746	27.2556
0	4	36.5873	14.6349	27.2556
0	4	43.9048	14.6349	27.2556
0	4	51.2222	14.6349	27.2556
0	4	58.5397	14.6349	27.2556
0	4	65.8572	14.6349	27.2556
0	5	42.0022	5.41492	38.9754
0	5	38.4167	1.82937	35.9092
0	5	36.5873	0	34.0694
0	5	49.3197	5.41492	38.9754
0	5	45.7341	1.82937	35.9092
0	5	43.9048	0	34.0694
0	5	56.6372	5.41492	38.9754
0	5	53.0516	1.82937	35.9092
0	5	51.2222	0	34.0694
0	5	63.9546	5.41492	38.9754
0	5	60.3691	1.82937	35.9092
0	5	58.5397	0	34.0694
0	5	71.2721	5.41492	38.9754
0	5	67.6865	1.82937	35.9092
0	5	65.8572	0	34.0694
0	5	42.0022	12.7324	38.9754
0	5	38.4167	9.14683	35.9092
0	5	36.5873	7.31746	34.0694
0	5	49.3197	12.7324	38.9754
0	5	45.7341	9.14683	35.9092
0	5	43.9048	7.31746	34.0694
0	5	56.6372	12.7324	38.9754
0	5	53.0516	9.14683	35.9092
0	5	51.2222	7.31746	34.0694
0	5	63.9546	12.7324	38.9754
0	5	60.3691	9.14683	35.9092
0	5	58.5397	7.31746	34.0694
0	5	71.2721	12.7324	38.9754
0	5	67.6865	9.14683	35.9092
0	5	65.8572	7.31746	34.0694
0	5	36.5873	14.6349	34.0694
0	5	43.9048	14.6349	34.0694
0	5	51.2222	14.6349	34.0694
0	5	58.5397	14.6349	34.0694
0	5	65.8572	14.6349	34.0694
0	6	42.0022	5.41492	45.7893
0	6	38.4167	1.82937	42.7231
0	6	36.5873	0	40.8833
0	6	49.3197	5.41492	45.7893
0	6	45.7341	1.82937	42.7231
0	6	43.9048	0	40.8833
0	6	56.6372	5.41492	45.7893
0	6	53.0516	1.82937	42.7231
0	6	51.2222	0	40.8833
0	6	63.9546	5.41492	45.7893
0	6	60.3691	1.82937	42.7231
0	6	58.5397	0	40.8833
0	6	71.2721	5.41492	45.7893
0	6	67.6865	1.82937	42.7231
0	6	65.8572	0	40.8833
0	6	42.0022	12.7324	45.7893
0	6	38.4167	9.14683	42.7231
0	6	36.5873	7.31746	40.8833
0	6	49.3197	12.7324	45.7893
0	6	45.7341	9.14683	42.7231
0	6	43.9048	7.31746	40.8833
0	6	56.6372	12.7324	45.7893
0	6	53.0516	9.14683	42.7231
0	6	51.2222	7.31746	40.8833
0	6	63.9546	12.7324	45.7893
0	6	60.3691	9.14683	42.7231
0	6	58.5397	7.31746	40.8833
0	6	71.2721	12.7324	45.7893
0	6	67.6865	9.14683	42.7231
0	6	65.8572	7.31746	40.8833
0	6	36.5873	14.6349	40.8833
0	6	43.9048	14.6349	40.8833
0	6	51.2222	14.6349	40.8833
0	6	58.5397	14.6349	40.8833
0	6	65.8572	14.6349	40.8833
0	7	42.0022	5.41492	52.6032
0	7	38.4167	1.82937	49.537
0	7	36.5873	0	47.6972
0	7	49.3197	5.41492	52.6032
0	7	45.7341	1.82937	49.537
0	7	43.9048	0	47.6972
0	7	56.6372	5.41492	52.6032
0	7	53.0516	1.82937	49.537
0	7	51.2222	0	47.6972
0	7	63.9546	5.41492	52.6032
0	7	60.3691	1.82937	49.537
0	7	58.5397	0	47.6972
0	7	71.2721	5.41492	52.6032
0	7	67.6865	1.82937	49.537
0	7	65.8572	0	47.6972
0	7	42.0022	12.7324	52.6032
0	7	38.4167	9.14683	49.537
0	7	36.5873	7.31746	47.6972
0	7	49.3197	12.7324	52.6032
0	7	45.7341	9.14683	49.537
0	7	43.9048	7.31746	47.6972
0	7	56.6372	12.7324	52.6032
0	7	53.0516	9.14683	49.537
0	7	51.2222	7.31746	47.6972
0	7	63.9546	12.7324	52.6032
0	7	60.3691	9.14683	49.537
0	7	58.5397	7.31746	47.6972
0	7	71.2721	12.7324	52.6032
0	7	67.6865	9.14683	49.537
0	7	65.8572	7.31746	47.6972
0	7	36.5873	14.6349	47.6972
0	7	43.9048	14.6349	47.6972
0	7	51.2222	14.6349	47.6972
0	7	58.5397	14.6349	47.6972
0	7	65.8572	14.6349	47.6972
0	8	42.0022	5.41492	59.4171
0	8	38.4167	1.82937	56.3509
0	8	36.5873	0	54.5111
0	8	49.3197	5.41492	59.4171
0	8	45.7341	1.82937	56.3509
0	8	43.9048	0	54.5111
0	8	56.6372	5.41492	59.4171
0	8	53.0516	1.82937	56.3509
0	8	51.2222	0	54.5111
0	8	63.9546	5.41492	59.4171
0	8	60.3691	1.82937	56.3509
0	8	58.5397	0	54.5111
0	8	71.2721	5.41492	59.4171
0	8	67.6865	1.82937	56.3509
0	8	65.8572	0	54.5111
0	8	42.0022	12.7324	59.4171
0	8	38.4167	9.14683	56.3509
0	8	36.5873	7.31746	54.5111
0	8	49.3197	12.7324	59.4171
0	8	45.7341	9.14683	56.3509
0	8	43.9048	7.31746	54.5111
0	8	56.6372	12.7324	59.4171
0	8	53.0516	9.14683	56.3509
0	8	51.2222	7.31746	54.5111
0	8	63.9546	12.7324	59.4171
0	8	60.3691	9.14683	56.3509
0	8	58.5397	7.31746	54.5111
0	8	71.2721	12.7324	59.4171
0	8	67.6865	9.14683	56.3509
0	8	65.8572	7.31746	54.5111
0	8	36.5873	14.6349	54.5111
0	8	43.9048	14.6349	54.5111
0	8	51.2222	14.6349	54.5111
0	8	58.5397	14.6349	54.5111
0	8	65.8572	14.6349	54.5111
0	9	42.0022	5.41492	66.231
0	9	38.4167	1.82937	63.1647
0	9	36.5873	0	61.325
0	9	49.3197	5.41492	66.231
0	9	45.7341	1.82937	63.1647
0	9	43.9048	0	61.325
0	9	56.6372	5.41492	66.231
0	9	53.0516	1.82937	63.1647
0	9	51.2222	0	61.325
0	9	63.9546	5.41492	66.231
0	9	60.3691	1.82937	63.1647
0	9	58.5397	0	61.325
0	9	71.2721	5.41492	66.231
0	9	67.6865	1.82937	63.1647
0	9	65.8572	0	61.325
0	9	42.0022	12.7324	66.231
0	9	38.4167	9.14683	63.1647
0	9	36.5873	7.31746	61.325
0	9	49.3197	12.7324	66.231
0	9	45.7341	9.14683	63.1647
0	9	43.9048	7.31746	61.325
0	9	56.6372	12.7324	66.231
0	9	53.0516	9.14683	63.1647
0	9	51.2222	7.31746	61.325
0	9	63.9546	12.7324	66.231
0	9	60.3691	9.14683	63.1647
0	9	58.5397	7.31746	61.325
0	9	71.2721	12.7324	66.231
0	9	67.6865	9.14683	63.1647
0	9	65.8572	7.31746	61.325
0	9	36.5873	14.6349	61.325
0	9	43.9048	14.6349	61.325
0	9	51.2222	14.6349	61.325
0	9	58.5397	14.6349	61.325
0	9	65.8572	14.6349	61.325
0	0	42.0022	20.0498	4.906
0	0	38.4167	16.4643	1.83975
0	0	49.3197	20.0498	4.906
0	0	45.7341	16.4643	1.83975
0	0	56.6372	20.0498	4.906
0	0	53.0516	16.4643	1.83975
0	0	63.9546	20.0498	4.906
0	0	60.3691	16.4643	1.83975
0	0	71.2721	20.0498	4.906
0	0	67.6865	16.4643	1.83975
0	0	42.0022	27.3673	4.906
0	0	38.4167	23.7818	1.83975
0	0	36.5873	21.9524	0
0	0	49.3197	27.3673	4.906
0	0	45.7341	23.7818	1.83975
0	0	43.9048	21.9524	0
0	0	56.6372	27.3673	4.906
0	0	53.0516	23.7818	1.83975
0	0	51.2222	21.9524	0
0	0	63.9546	27.3673	4.906
0	0	60.3691	23.7818	1.83975
0	0	58.5397	21.9524	0
0	0	71.2721	27.3673	4.906
0	0	67.6865	23.7818	1.83975
0	0	65.8572	21.9524	0
0	0	36.5873	29.2698	0
0	0	43.9048	29.2698	0
0	0	51.2222	29.2698	0
0	0	58.5397	29.2698	0
0	0	65.8572	29.2698	0
0	1	42.0022	20.0498	11.7199
0	1	38.4167	16.4643	8.65364
0	1	49.3197	20.0498	11.7199
0	1	45.7341	16.4643	8.65364
0	1	56.6372	20.0498	11.7199
0	1	53.0516	16.4643	8.65364
0	1	63.9546	20.0498	11.7199
0	1	60.3691	16.4643	8.65364
0	1	71.2721	20.0498	11.7199
0	1	67.6865	16.4643	8.65364
0	1	42.0022	27.3673	11.7199
0	1	38.4167	23.7818	8.65364
0	1	36.5873	21.9524	6.81389
0	1	49.3197	27.3673	11.7199
0	1	45.7341	23.7818	8.65364
0	1	43.9048	21.9524	6.81389
0	1	56.6372	27.3673	11.7199
0	1	53.0516	23.7818	8.65364
0	1	51.2222	21.9524	6.81389
0	1	63.9546	27.3673	11.7199
0	1	60.3691	23.7818	8.65364
0	1	58.5397	21.9524	6.81389
0	1	71.2721	27.3673	11.7199
0	1	67.6865	23.7818	8.65364
0	1	65.8572	21.9524	6.81389
0	1	36.5873	29.2698	6.81389
0	1	43.9048	29.2698	6.81389
0	1	51.2222	29.2698	6.81389
0	1	58.5397	29.2698	6.81389
0	1	65.8572	29.2698	6.81389
0	2	42.0022	20.0498	18.5338
0	2	38.4167	16.4643	15.4675
0	2	49.3197	20.0498	18.5338
0	2	45.7341	16.4643	15.4675
0	2	56.6372	20.0498	18.5338
0	2	53.0516	16.4643	15.4675
0	2	63.9546	20.0498	18.5338
0	2	60.3691	16.4643	15.4675
0	2	71.2721	20.0498	18.5338
0	2	67.6865	16.4643	15.4675
0	2	42.0022	27.3673	18.5338
0	2	38.4167	23.7818	15.4675
0	2	36.5873	21.9524	13.6278
0	2	49.3197	27.3673	18.5338
0	2	45.7341	23.7818	15.4675
0	2	43.9048	21.9524	13.6278
0	2	56.6372	27.3673	18.5338
0	2	53.0516	23.7818	15.4675
0	2	51.2222	21.9524	13.6278
0	2	63.9546	27.3673	18.5338
0	2	60.3691	23.7818	15.4675
0	2	58.5397	21.9524	13.6278
0	2	71.2721	27.3673	18.5338
0	2	67.6865	23.7818	15.4675
0	2	65.8572	21.9524	13.6278
0	2	36.5873	29.2698	13.6278
0	2	43.9048	29.2698	13.6278
0	2	51.2222	29.2698	13.6278
0	2	58.5397	29.2698	13.6278
0	2	65.8572	29.2698	13.6278
0	3	42.0022	20.0498	25.3477
0	3	38.4167	16.4643	22.2814
0	3	49.3197	20.0498	25.3477
0	3	45.7341	16.4643	22.2814
0	3	56.6372	20.0498	25.3477
0	3	53.0516	16.4643	22.2814
0	3	63.9546	20.0498	25.3477
0	3	60.3691	16.4643	22.2814
0	3	71.2721	20.0498	25.3477
0	3	67.6865	16.4643	22.2814
0	3	42.0022	27.3673	25.3477
0	3	38.4167	23.7818	22.2814
0	3	36.5873	21.9524	20.4417
0	3	49.3197	27.3673	25.3477
0	3	45.7341	23.7818	22.2814
0	3	43.9048	21.9524	20.4417
0	3	56.6372	27.3673	25.3477
0	3	53.0516	23.7818	22.2814
0	3	51.2222	21.9524	20.4417
0	3	63.9546	27.3673	25.3477
0	3	60.3691	23.7818	22.2814
0	3	58.5397	21.9524	20.4417
0	3	71.2721	27.3673	25.3477
0	3	67.6865	23.7818	22.2814
0	3	65.8572	21.9524	20.4417
0	3	36.5873	29.2698	20.4417
0	3	43.9048	29.2698	20.4417
0	3	51.2222	29.2698	20.4417
0	3	58.5397	29.2698	20.4417
0	3	65.8572	29.2698	20.4417
0	4	42.0022	20.0498	32.1616
0	4	38.4167	16.4643	29.0953
0	4	49.3197	20.0498	32.1616
0	4	45.7341	16.4643	29.0953
0	4	56.6372	20.0498	32.1616
0	4	53.0516	16.4643	29.0953
0	4	63.9546	20.0498	32.1616
0	4	60.3691	16.4643	29.0953
0	4	71.2721	20.0498	32.1616
0	4	67.6865	16.4643	29.0953
0	4	42.0022	27.3673	32.1616
0	4	38.4167	23.7818	29.0953
0	4	36.5873	21.9524	27.2556
0	4	49.3197	27.3673	32.1616
0	4	45.7341	23.7818	29.0953
0	4	43.9048	21.9524	27.2556
0	4	56.6372	27.3673	32.1616
0	4	53.0516	23.7818	29.0953
0	4	51.2222	21.9524	27.2556
0	4	63.9546	27.3673	32.1616
0	4	60.3691	23.7818	29.0953
0	4	58.5397	21.9524	27.2556
0	4	71.2721	27.3673	32.1616
0	4	67.6865	23.7818	29.0953
0	4	65.8572	21.9524	27.2556
0	4	36.5873	29.2698	27.2556
0	4	43.9048	29.2698	27.2556
0	4	51.2222	29.2698	27.2556
0	4	58.5397	29.2698	27.2556
0	4	65.8572	29.2698	27.2556
0	5	42.0022	20.0498	38.9754
0	5	38.4167	16.4643	35.9092
0	5	49.3197	20.0498	38.9754
0	5	45.7341	16.4643	35.9092
0	5	56.6372	20.0498	38.9754
0	5	53.0516	16.4643	35.9092
0	5	63.9546	20.0498	38.9754
0	5	60.3691	16.4643	35.9092
0	5	71.2721	20.0498	38.9754
0	5	67.6865	16.4643	35.9092
0	5	42.0022	27.3673	38.9754
0	5	38.4167	23.7818	35.9092
0	5	36.5873	21.9524	34.0694
0	5	49.3197	27.3673	38.9754
0	5	45.7341	23.7818	35.9092
0	5	43.9048	21.9524	34.0694
0	5	56.6372	27.3673	38.9754
0	5	53.0516	23.7818	35.9092
0	5	51.2222	21.9524	34.0694
0	5	63.9546	27.3673	38.9754
0	5	60.3691	23.7818	35.9092
0	5	58.5397	21.9524	34.0694
0	5	71.2721	27.3673	38.9754
0	5	67.6865	23.7818	35.9092
0	5	65.8572	21.9524	34.0694
0	5	36.5873	29.2698	34.0694
0	5	43.9048	29.2698	34.0694
0	5	51.2222	29.2698	34.0694
0	5	58.5397	29.2698	34.0694
0	5	65.8572	29.2698	34.0694
0	6	42.0022	20.0498	45.7893
0	6	38.4167	16.4643	42.7231
0	6	49.3197	20.0498	45.7893
0	6	45.7341	16.4643	42.7231
0	6	56.6372	20.0498	45.7893
0	6	53.0516	16.4643	42.7231
0	6	63.9546	20.0498	45.7893
0	6	60.3691	16.4643	42.7231
0	6	71.2721	20.0498	45.7893
0	6	67.6865	16.4643	42.7231
0	6	42.0022	27.3673	45.7893
0	6	38.4167	23.7818	42.7231
0	6	36.5873	21.9524	40.8833
0	6	49.3197	27.3673	45.7893
0	6	45.7341	23.7818	42.7231
0	6	43.9048	21.9524	40.8833
0	6	56.6372	27.3673	45.7893
0	6	53.0516	23.7818	42.7231
0	6	51.2222	21.9524	40.8833
0	6	63.9546	27.3673	45.7893
0	6	60.3691	23.7818	42.7231
0	6	58.5397	21.9524	40.8833
0	6	71.2721	27.3673	45.7893
0	6	67.6865	23.7818	42.7231
0	6	65.8572	21.9524	40.8833
0	6	36.5873	29.2698	40.8833
0	6	43.9048	29.2698	40.8833
0	6	51.2222	29.2698	40.8833
0	6	58.5397	29.2698	40.8833
0	6	65.8572	29.2698	40.8833
0	7	42.0022	20.0498	52.6032
0	7	38.4167	16.4643	49.537
0	7	49.3197	20.0498	52.6032
0	7	45.7341	16.4643	49.537
0	7	56.6372	20.0498	52.6032
0	7	53.0516	16.4643	49.537
0	7	63.9546	20.0498	52.6032
0	7	60.3691	16.4643	49.537
0	7	71.2721	20.0498	52.6032
0	7	67.6865	16.4643	49.537
0	7	42.0022	27.3673	52.6032
0	7	38.4167	23.7818	49.537
0	7	36.5873	21.9524	47.6972
0	7	49.3197	27.3673	52.6032
0	7	45.7341	23.7818	49.537
0	7	43.9048	21.9524	47.6972
0	7	56.6372	27.3673	52.6032
0	7	53.0516	23.7818	49.537
0	7	51.2222	21.9524	47.6972
0	7	63.9546	27.3673	52.6032
0	7	60.3691	23.7818	49.537
0	7	58.5397	21.9524	47.6972
0	7	71.2721	27.3673	52.6032
0	7	67.6865	23.7818	49.537
0	7	65.8572	21.9524	47.6972
0	7	36.5873	29.2698	47.6972
0	7	43.9048	29.2698	47.6972
0	7	51.2222	29.2698	47.6972
0	7	58.5397	29.2698	47.6972
0	7	65.8572	29.2698	47.6972
0	8	42.0022	20.0498	59.4171
0	8	38.4167	16.4643	56.3509
0	8	49.3197	20.0498	59.4171
0	8	45.7341	16.4643	56.3509
0	8	56.6372	20.0498	59.4171
0	8	53.0516	16.4643	56.3509
0	8	63.9546	20.0498	59.4171
0	8	60.3691	16.4643	56.3509
0	8	71.2721	20.0498	59.4171
0	8	67.6865	16.4643	56.3509
0	8	42.0022	27.3673	59.4171
0	8	38.4167	23.7818	56.3509
0	8	36.5873	21.9524	54.5111
0	8	49.3197	27.3673	59.4171
0	8	45.7341	23.7818	56.3509
0	8	43.9048	21.9524	54.5111
0	8	56.6372	27.3673	59.4171
0	8	53.0516	23.7818	56.3509
0	8	51.2222	21.9524	54.5111
0	8	63.9546	27.3673	59.4171
0	8	60.3691	23.7818	56.3509
0	8	58.5397	21.9524	54.5111
0	8	71.2721	27.3673	59.4171
0	8	67.6865	23.7818	56.3509
0	8	65.8572	21.9524	54.5111
0	8	36.5873	29.2698	54.5111
0	8	43.9048	29.2698	54.5111
0	8	51.2222	29.2698	54.5111
0	8	58.5397	29.2698	54.5111
0	8	65.8572	29.2698	54.5111
0	9	42.0022	20.0498	66.231
0	9	38.4167	16.4643	63.1647
0	9	49.3197	20.0498	66.231
0	9	45.7341	16.4643	63.1647
0	9	56.6372	20.0498	66.231
0	9	53.0516	16.4643	63.1647
0	9	63.9546	20.0498	66.231
0	9	60.3691	16.4643	63.1647
0	9	71.2721	20.0498	66.231
0	9	67.6865	16.4643	63.1647
0	9	42.0022	27.3673	66.231
0	9	38.4167	23.7818	63.1647
0	9	36.5873	21.9524	61.325
0	9	49.3197	27.3673	66.231
0	9	45.7341	23.7818	63.1647
0	9	43.9048	21.9524	61.325
0	9	56.6372	27.3673	66.231
0	9	53.0516	23.7818	63.1647
0	9	51.2222	21.9524	61.325
0	9	63.9546	27.3673	66.231
0	9	60.3691	23.7818	63.1647
0	9	58.5397	21.9524	61.325
0	9	71.2721	27.3673	66.231
0	9	67.6865	23.7818	63.1647
0	9	65.8572	21.9524	61.325
0	9	36.5873	29.2698	61.325
0	9	43.9048	29.2698	61.325
0	9	51.2222	29.2698	61.325
0	9	58.5397	29.2698	61.325
0	9	65.8572	29.2698	61.325
0	0	42.0022	34.6848	4.906
0	0	38.4167	31.0992	1.83975
0	0	49.3197	34.6848	4.906
0	0	45.7341	31.0992	1.83975
0	0	56.6372	34.6848	4.906
0	0	53.0516	31.0992	1.83975
0	0	63.9546	34.6848	4.906
0	0	60.3691	31.0992	1.83975
0	0	71.2721	34.6848	4.906
0	0	67.6865	31.0992	1.83975
0	0	42.0022	42.0022	4.906
0	0	38.4167	38.4167	1.83975
0	0	36.5873	36.5873	0
0	0	49.3197	42.0022	4.906
0	0	45.7341	38.4167	1.83975
0	0	43.9048	36.5873	0
0	0	56.6372	42.0022	4.906
0	0	53.0516	38.4167	1.83975
0	0	51.2222	36.5873	0
0	0	63.9546	42.0022	4.906
0	0	60.3691	38.4167	1.83975
0	0	58.5397	36.5873	0
0	0	71.2721	42.0022	4.906
0	0	67.6865	38.4167	1.83975
0	0	65.8572	36.5873	0
0	0	36.5873	43.9048	0
0	0	43.9048	43.9048	0
0	0	51.2222	43.9048	0
0	0	58.5397	43.9048	0
0	0	65.8572	43.9048	0
0	1	42.0022	34.6848	11.7199
0	1	38.4167	31.0992	8.65364
0	1	49.3197	34.6848	11.7199
0	1	45.7341	31.0992	8.65364
0	1	56.6372	34.6848	11.7199
0	1	53.0516	31.0992	8.65364
0	1	63.9546	34.6848	11.7199
0	1	60.3691	31.0992	8.65364
0	1	71.2721	34.6848	11.7199
0	1	67.6865	31.0992	8.65364
0	1	42.0022	42.0022	11.7199
0	1	38.4167	38.4167	8.65364
0	1	36.5873	36.5873	6.81389
0	1	49.3197	42.0022	11.7199
0	1	45.7341	38.4167	8.65364
0	1	43.9048	36.5873	6.81389
0	1	56.6372	42.0022	11.7199
0	1	53.0516	38.4167	8.65364
0	1	51.2222	36.5873	6.81389
0	1	63.9546	42.0022	11.7199
0	1	60.3691	38.4167	8.65364
0	1	58.5397	36.5873	6.81389
0	1	71.2721	42.0022	11.7199
0	1	67.6865	38.4167	8.65364
0	1	65.8572	36.5873	6.81389
0	1	36.5873	43.9048	6.81389
0	1	43.9048	43.9048	6.81389
0	1	51.2222	43.9048	6.81389
0	1	58.5397	43.9048	6.81389
0	1	65.8572	43.9048	6.81389
0	2	42.0022	34.6848	18.5338
0	2	38.4167	31.0992	15.4675
0	2	49.3197	34.6848	18.5338
0	2	45.7341	31.0992	15.4675
0	2	56.6372	34.6848	18.5338
0	2	53.0516	31.0992	15.4675
0	2	63.9546	34.6848	18.5338
0	2	60.3691	31.0992	15.4675
0	2	71.2721	34.6848	18.5338
0	2	67.6865	31.0992	15.4675
0	2	42.0022	42.0022	18.5338
0	2	38.4167	38.4167	15.4675
0	2	36.5873	36.5873	13.6278
0	2	49.3197	42.0022	18.5338
0	2	45.7341	38.4167	15.4675
0	2	43.9048	36.5873	13.6278
0	2	56.6372	42.0022	18.5338
0	2	53.0516	38.4167	15.4675
0	2	51.2222	36.5873	13.6278
0	2	63.9546	42.0022	18.5338
0	2	60.3691	38.4167	15.4675
0	2	58.5397	36.5873	13.6278
0	2	71.2721	42.0022	18.5338
0	2	67.6865	38.4167	15.4675
0	2	65.8572	36.5873	13.6278
0	2	36.5873	43.9048	13.6278
0	2	43.9048	43.9048	13.6278
0	2	51.2222	43.9048	13.6278
0	2	58.5397	43.9048	13.6278
0	2	65.8572	43.9048	13.6278
0	3	42.0022	34.6848	25.3477
0	3	38.4167	31.0992	22.2814
0	3	49.3197	34.6848	25.3477
0	3	45.7341	31.0992	22.2814
0	3	56.6372	34.6848	25.3477
0	3	53.0516	31.0992	22.2814
0	3	63.9546	34.6848	25.3477
0	3	60.3691	31.0992	22.2814
0	3	71.2721	34.6848	25.3477
0	3	67.6865	31.0992	22.2814
0	3	42.0022	42.0022	25.3477
0	3	38.4167	38.4167	22.2814
0	3	36.5873	36.5873	20.4417
0	3	49.3197	42.0022	25.3477
0	3	45.7341	38.4167	22.2814
0	3	43.9048	36.5873	20.4417
0	3	56.6372	42.0022	25.3477
0	3	53.0516	38.4167	22.2814
0	3	51.2222	36.5873	20.4417
0	3	63.9546	42.0022	25.3477
0	3	60.3691	38.4167	22.2814
0	3	58.5397	36.5873	20.4417
0	3	71.2721	42.0022	25.3477
0	3	67.6865	38.4167	22.2814
0	3	65.8572	36.5873	20.4417
0	3	36.5873	43.9048	20.4417
0	3	43.9048	43.9048	20.4417
0	3	51.2222	43.9048	20.4417
0	3	58.5397	43.9048	20.4417
0	3	65.8572	43.9048	20.4417
0	4	42.0022	34.6848	32.1616
0	4	38.4167	31.0992	29.0953
0	4	49.3197	34.6848	32.1616
0	4	45.7341	31.0992	29.0953
0	4	56.6372	34.6848	32.1616
0	4	53.0516	31.0992	29.0953
0	4	63.9546	34.6848	32.1616
0	4	60.3691	31.0992	29.0953
0	4	71.2721	34.6848	32.1616
0	4	67.6865	31.0992	29.0953
0	4	42.0022	42.0022	32.1616
0	4	38.4167	38.4167	29.0953
0	4	36.5873	36.5873	27.2556
0	4	49.3197	42.0022	32.1616
0	4	45.7341	38.4167	29.0953
0	4	43.9048	36.5873	27.2556
0	4	56.6372	42.0022	32.1616
0	4	53.0516	38.4167	29.0953
0	4	51.2222	36.5873	27.2556
0	4	63.9546	42.0022	32.1616
0	4	60.3691	38.4167	29.0953
0	4	58.5397	36.5873	27.2556
0	4	71.2721	42.0022	32.1616
0	4	67.6865	38.4167	29.0953
0	4	65.8572	36.5873	27.2556
0	4	36.5873	43.9048	27.2556
0	4	43.9048	43.9048	27.2556
0	4	51.2222	43.9048	27.2556
0	4	58.5397	43.9048	27.2556
0	4	65.8572	43.9048	27.2556
0	5	42.0022	34.6848	38.9754
0	5	38.4167	31.0992	35.9092
0	5	49.3197	34.6848	38.9754
0	5	45.7341	31.0992	35.9092
0	5	56.6372	34.6848	38.9754
0	5	53.0516	31.0992	35.9092
0	5	63.9546	34.6848	38.9754
0	5	60.3691	31.0992	35.9092
0	5	71.2721	34.6848	38.9754
0	5	67.6865	31.0992	35.9092
0	5	42.0022	42.0022	38.9754
0	5	38.4167	38.4167	35.9092
0	5	36.5873	36.5873	34.0694
0	5	49.3197	42.0022	38.9754
0	5	45.7341	38.4167	35.9092
0	5	43.9048	36.5873	34.0694
0	5	56.6372	42.0022	38.9754
0	5	53.0516	38.4167	35.9092
0	5	51.2222	36.5873	34.0694
0	5	63.9546	42.0022	38.9754
0	5	60.3691	38.4167	35.9092
0	5	58.5397	36.5873	34.0694
0	5	71.2721	42.0022	38.9754
0	5	67.6865	38.4167	35.9092
0	5	65.8572	36.5873	34.0694
0	5	36.5873	43.9048	34.0694
0	5	43.9048	43.9048	34.0694
0	5	51.2222	43.9048	34.0694
0	5	58.5397	43.9048	34.0694
0	5	65.8572	43.9048	34.0694
0	6	42.0022	34.6848	45.7893
0	6	38.4167	31.0992	42.7231
0	6	49.3197	34.6848	45.7893
0	6	45.7341	31.0992	42.7231
0	6	56.6372	34.6848	45.7893
0	6	53.0516	31.0992	42.7231
0	6	63.9546	34.6848	45.7893
0	6	60.3691	31.0992	42.7231
0	6	71.2721	34.6848	45.7893
0	6	67.6865	31.0992	42.7231
0	6	42.0022	42.0022	45.7893
0	6	38.4167	38.4167	42.7231
0	6	36.5873	36.5873	40.8833
0	6	49.3197	42.0022	45.7893
0	6	45.7341	38.4167	42.7231
0	6	43.9048	36.5873	40.8833
0	6	56.6372	42.0022	45.7893
0	6	53.0516	38.4167	42.7231
0	6	51.2222	36.5873	40.8833
0	6	63.9546	42.0022	45.7893
0	6	60.3691	38.4167	42.7231
0	6	58.5397	36.5873	40.8833
0	6	71.2721	42.0022	45.7893
0	6	67.6865	38.4167	42.7231
0	6	65.8572	36.5873	40.8833
0	6	36.5873	43.9048	40.8833
0	6	43.9048	43.9048	40.8833
0	6	51.2222	43.9048	40.8833
0	6	58.5397	43.9048	40.8833
0	6	65.8572	43.9048	40.8833
0	7	42.0022	34.6848	52.6032
0	7	38.4167	31.0992	49.537
0	7	49.3197	34.6848	52.6032
0	7	45.7341	31.0992	49.537
0	7	56.6372	34.6848	52.6032
0	7	53.0516	31.0992	49.537
0	7	63.9546	34.6848	52.6032
0	7	60.3691	31.0992	49.537
0	7	71.2721	34.6848	52.6032
0	7	67.6865	31.0992	49.537
0	7	42.0022	42.0022	52.6032
0	7	38.4167	38.4167	49.537
0	7	36.5873	36.5873	47.6972
0	7	49.3197	42.0022	52.6032
0	7	45.7341	38.4167	49.537
0	7	43.9048	36.5873	47.6972
0	7	56.6372	42.0022	52.6032
0	7	53.0516	38.4167	49.537
0	7	51.2222	36.5873	47.6972
0	7	63.9546	42.0022	52.6032
0	7	60.3691	38.4167	49.537
0	7	58.5397	36.5873	47.6972
0	7	71.2721	42.0022	52.6032
0	7	67.6865	38.4167	49.537
0	7	65.8572	36.5873	47.6972
0	7	36.5873	43.9048	47.6972
0	7	43.9048	43.9048	47.6972
0	7	51.2222	43.9048	47.6972
0	7	58.5397	43.9048	47.6972
0	7	65.8572	43.9048	47.6972
0	8	42.0022	34.6848	59.4171
0	8	38.4167	31.0992	56.3509
0	8	49.3197	34.6848	59.4171
0	8	45.7341	31.0992	56.3509
0	8	56.6372	34.6848	59.4171
0	8	53.0516	31.0992	56.3509
0	8	63.9546	34.6848	59.4171
0	8	60.3691	31.0992	56.3509
0	8	71.2721	34.6848	59.4171
0	8	67.6865	31.0992	56.3509
0	8	42.0022	42.0022	59.4171
0	8	38.4167	38.4167	56.3509
0	8	36.5873	36.5873	54.5111
0	8	49.3197	42.0022	59.4171
0	8	45.7341	38.4167	56.3509
0	8	43.9048	36.5873	54.5111
0	8	56.6372	42.0022	59.4171
0	8	53.0516	38.4167	56.3509
0	8	51.2222	36.5873	54.5111
0	8	63.9546	42.0022	59.4171
0	8	60.3691	38.4167	56.3509
0	8	58.5397	36.5873	54.5111
0	8	71.2721	42.0022	59.4171
0	8	67.6865	38.4167	56.3509
0	8	65.8572	36.5873	54.5111
0	8	36.5873	43.9048	54.5111
0	8	43.9048	43.9048	54.5111
0	8	51.2222	43.9048	54.5111
0	8	58.5397	43.9048	54.5111
0	8	65.8572	43.9048	54.5111
0	9	42.0022	34.6848	66.231
0	9	38.4167	31.0992	63.1647
0	9	49.3197	34.6848	66.231
0	9	45.7341	31.0992	63.1647
0	9	56.6372	34.6848	66.231
0	9	53.0516	31.0992	63.1647
0	9	63.9546	34.6848	66.231
0	9	60.3691	31.0992	63.1647
0	9	71.2721	34.6848	66.231
0	9	67.6865	31.0992	63.1647
0	9	42.0022	42.0022	66.231
0	9	38.4167	38.4167	63.1647
0	9	36.5873	36.5873	61.325
0	9	49.3197	42.0022	66.231
0	9	45.7341	38.4167	63.1647
0	9	43.9048	36.5873	61.325
0	9	56.6372	42.0022	66.231
0	9	53.0516	38.4167	63.1647
0	9	51.2222	36.5873	61.325
0	9	63.9546	42.0022	66.231
0	9	60.3691	38.4167	63.1647
0	9	58.5397	36.5873	61.325
0	9	71.2721	42.0022	66.231
0	9	67.6865	38.4167	63.1647
0	9	65.8572	36.5873	61.325
0	9	36.5873	43.9048	61.325
0	9	43.9048	43.9048	61.325
0	9	51.2222	43.9048	61.325
0	9	58.5397	43.9048	61.325
0	9	65.8572	43.9048	61.325
0	0	42.0022	49.3197	4.906
0	0	38.4167	45.7341	1.83975
0	0	49.3197	49.3197	4.906
0	0	45.7341	45.7341	1.83975
0	0	56.6372	49.3197	4.906
0	0	53.0516	45.7341	1.83975
0	0	63.9546	49.3197	4.906
0	0	60.3691	45.7341	1.83975
0	0	71.2721	49.3197	4.906
0	0	67.6865	45.7341	1.83975
0	0	42.0022	56.6372	4.906
0	0	38.4167	53.0516	1.83975
0	0	36.5873	51.2222	0
0	0	49.3197	56.6372	4.906
0	0	45.7341	53.0516	1.83975
0	0	43.9048	51.2222	0
0	0	56.6372	56.6372	4.906
0	0	53.0516	53.0516	1.83975
0	0	51.2222	51.2222	0
0	0	63.9546	56.6372	4.906
0	0	60.3691	53.0516	1.83975
0	0	58.5397	51.2222	0
0	0	71.2721	56.6372	4.906
0	0	67.6865	53.0516	1.83975
0	0	65.8572	51.2222	0
0	0	36.5873	58.5397	0
0	0	43.9048	58.5397	0
0	0	51.2222	58.5397	0
0	0	58.5397	58.5397	0
0	0	65.8572	58.5397	0
0	1	42.0022	49.3197	11.7199
0	1	38.4167	45.7341	8.65364
0	1	49.3197	49.3197	11.7199
0	1	45.7341	45.7341	8.65364
0	1	56.6372	49.3197	11.7199
0	1	53.0516	45.7341	8.65364
0	1	63.9546	49.3197	11.7199
0	1	60.3691	45.7341	8.65364
0	1	71.2721	49.3197	11.7199
0	1	67.6865	45.7341	8.65364
0	1	42.0022	56.6372	11.7199
0	1	38.4167	53.0516	8.65364
0	1	36.5873	51.2222	6.81389
0	1	49.3197	56.6372	11.7199
0	1	45.7341	53.0516	8.65364
0	1	43.9048	51.2222	6.81389
0	1	56.6372	56.6372	11.7199
0	1	53.0516	53.0516	8.65364
0	1	51.2222	51.2222	6.81389
0	1	63.9546	56.6372	11.7199
0	1	60.3691	53.0516	8.65364
0	1	58.5397	51.2222	6.81389
0	1	71.2721	56.6372	11.7199
0	1	67.6865	53.0516	8.65364
0	1	65.8572	51.2222	6.81389
0	1	36.5873	58.5397	6.81389
0	1	43.9048	58.5397	6.81389
0	1	51.2222	58.5397	6.81389
0	1	58.5397	58.5397	6.81389
0	1	65.8572	58.5397	6.81389
0	2	42.0022	49.3197	18.5338
0	2	38.4167	45.7341	15.4675
0	2	49.3197	49.3197	18.5338
0	2	45.7341	45.7341	15.4675
0	2	56.6372	49.3197	18.5338
0	2	53.0516	45.7341	15.4675
0	2	63.9546	49.3197	18.5338
0	2	60.3691	45.7341	15.4675
0	2	71.2721	49.3197	18.5338
0	2	67.6865	45.7341	15.4675
0	2	42.0022	56.6372	18.5338
0	2	38.4167	53.0516	15.4675
0	2	36.5873	51.2222	13.6278
0	2	49.3197	56.6372	18.5338
0	2	45.7341	53.0516	15.4675
0	2	43.9048	51.2222	13.6278
0	2	56.6372	56.6372	18.5338
0	2	53.0516	53.0516	15.4675
0	2	51.2222	51.2222	13.6278
0	2	63.9546	56.6372	18.5338
0	2	60.3691	53.0516	15.4675
0	2	58.5397	51.2222	13.6278
0	2	71.2721	56.6372	18.5338
0	2	67.6865	53.0516	15.4675
0	2	65.8572	51.2222	13.6278
0	2	36.5873	58.5397	13.6278
0	2	43.9048	58.5397	13.6278
0	2	51.2222	58.5397	13.6278
0	2	58.5397	58.5397	13.6278
0	2	65.8572	58.5397	13.6278
0	3	42.0022	49.3197	25.3477
0	3	38.4167	45.7341	22.2814
0	3	49.3197	49.3197	25.3477
0	3	45.7341	45.7341	22.2814
0	3	56.6372	49.3197	25.3477
0	3	53.0516	45.7341	22.2814
0	3	63.9546	49.3197	25.3477
0	3	60.3691	45.7341	22.2814
0	3	71.2721	49.3197	25.3477
0	3	67.6865	45.7341	22.2814
0	3	42.0022	56.6372	25.3477
0	3	38.4167	53.0516	22.2814
0	3	36.5873	51.2222	20.4417
0	3	49.3197	56.6372	25.3477
0	3	45.7341	53.0516	22.2814
0	3	43.9048	51.2222	20.4417
0	3	56.6372	56.6372	25.3477
0	3	53.0516	53.0516	22.2814
0	3	51.2222	51.2222	20.4417
0	3	63.9546	56.6372	25.3477
0	3	60.3691	53.0516	22.2814
0	3	58.5397	51.2222	20.4417
0	3	71.2721	56.6372	25.3477
0	3	67.6865	53.0516	22.2814
0	3	65.8572	51.2222	20.4417
0	3	36.5873	58.5397	20.4417
0	3	43.9048	58.5397	20.4417
0	3	51.2222	58.5397	20.4417
0	3	58.5397	58.5397	20.4417
0	3	65.8572	58.5397	20.4417
0	4	42.0022	49.3197	32.1616
0	4	38.4167	45.7341	29.0953
0	4	49.3197	49.3197	32.1616
0	4	45.7341	45.7341	29.0953
0	4	56.6372	49.3197	32.1616
0	4	53.0516	45.7341	29.0953
0	4	63.9546	49.3197	32.1616
0	4	60.3691	45.7341	29.0953
0	4	71.2721	49.3197	32.1616
0	4	67.6865	45.7341	29.0953
0	4	42.0022	56.6372	32.1616
0	4	38.4167	53.0516	29.0953
0	4	36.5873	51.2222	27.2556
0	4	49.3197	56.6372	32.1616
0	4	45.7341	53.0516	29.0953
0	4	43.9048	51.2222	27.2556
0	4	56.6372	56.6372	32.1616
0	4	53.0516	53.0516	29.0953
0	4	51.2222	51.2222	27.2556
0	4	63.9546	56.6372	32.1616
0	4	60.3691	53.0516	29.0953
0	4	58.5397	51.2222	27.2556
0	4	71.2721	56.6372	32.1616
0	4	67.6865	53.0516	29.0953
0	4	65.8572	51.2222	27.2556
0	4	36.5873	58.5397	27.2556
0	4	43.9048	58.5397	27.2556
0	4	51.2222	58.5397	27.2556
0	4	58.5397	58.5397	27.2556
0	4	65.8572	58.5397	27.2556
0	5	42.0022	49.3197	38.9754
0	5	38.4167	45.7341	35.9092
0	5	49.3197	49.3197	38.9754
0	5	45.7341	45.7341	35.9092
0	5	56.6372	49.3197	38.9754
0	5	53.0516	45.7341	35.9092
0	5	63.9546	49.3197	38.9754
0	5	60.3691	45.7341	35.9092
0	5	71.2721	49.3197	38.9754
0	5	67.6865	45.7341	35.9092
0	5	42.0022	56.6372	38.9754
0	5	38.4167	53.0516	35.9092
0	5	36.5873	51.2222	34.0694
0	5	49.3197	56.6372	38.9754
0	5	45.7341	53.0516	35.9092
0	5	43.9048	51.2222	34.0694
0	5	56.6372	56.6372	38.9754
0	5	53.0516	53.0516	35.9092
0	5	51.2222	51.2222	34.0694
0	5	63.9546	56.6372	38.9754
0	5	60.3691	53.0516	35.9092
0	5	58.5397	51.2222	34.0694
0	5	71.2721	56.6372	38.9754
0	5	67.6865	53.0516	35.9092
0	5	65.8572	51.2222	34.0694
0	5	36.5873	58.5397	34.0694
0	5	43.9048	58.5397	34.0694
0	5	51.2222	58.5397	34.0694
0	5	58.5397	58.5397	34.0694
0	5	65.8572	58.5397	34.0694
0	6	42.0022	49.3197	45.7893
0	6	38.4167	45.7341	42.7231
0	6	49.3197	49.3197	45.7893
0	6	45.7341	45.7341	42.7231
0	6	56.6372	49.3197	45.7893
0	6	53.0516	45.7341	42.7231
0	6	63.9546	49.3197	45.7893
0	6	60.3691	45.7341	42.7231
0	6	71.2721	49.3197	45.7893
0	6	67.6865	45.7341	42.7231
0	6	42.0022	56.6372	45.7893
0	6	38.4167	53.0516	42.7231
0	6	36.5873	51.2222	40.8833
0	6	49.3197	56.6372	45.7893
0	6	45.7341	53.0516	42.7231
0	6	43.9048	51.2222	40.8833
0	6	56.6372	56.6372	45.7893
0	6	53.0516	53.0516	42.7231
0	6	51.2222	51.2222	40.8833
0	6	63.9546	56.6372	45.7893
0	6	60.3691	53.0516	42.7231
0	6	58.5397	51.2222	40.8833
0	6	71.2721	56.6372	45.7893
0	6	67.6865	53.0516	42.7231
0	6	65.8572	51.2222	40.8833
0	6	36.5873	58.5397	40.8833
0	6	43.9048	58.5397	40.8833
0	6	51.2222	58.5397	40.8833
0	6	58.5397	58.5397	40.8833
0	6	65.8572	58.5397	40.8833
0	7	42.0022	49.3197	52.6032
0	7	38.4167	45.7341	49.537
0	7	49.3197	49.3197	52.6032
0	7	45.7341	45.7341	49.537
0	7	56.6372	49.3197	52.6032
0	7	53.0516	45.7341	49.537
0	7	63.9546	49.3197	52.6032
0	7	60.3691	45.7341	49.537
0	7	71.2721	49.3197	52.6032
0	7	67.6865	45.7341	49.537
0	7	42.0022	56.6372	52.6032
0	7	38.4167	53.0516	49.537
0	7	36.5873	51.2222	47.6972
0	7	49.3197	56.6372	52.6032
0	7	45.7341	53.0516	49.537
0	7	43.9048	51.2222	47.6972
0	7	56.6372	56.6372	52.6032
0	7	53.0516	53.0516	49.537
0	7	51.2222	51.2222	47.6972
0	7	63.9546	56.6372	52.6032
0	7	60.3691	53.0516	49.537
0	7	58.5397	51.2222	47.6972
0	7	71.2721	56.6372	52.6032
0	7	67.6865	53.0516	49.537
0	7	65.8572	51.2222	47.6972
0	7	36.5873	58.5397	47.6972
0	7	43.9048	58.5397	47.6972
0	7	51.2222	58.5397	47.6972
0	7	58.5397	58.5397	47.6972
0	7	65.8572	58.5397	47.6972
0	8	42.0022	49.3197	59.4171
0	8	38.4167	45.7341	56.3509
0	8	49.3197	49.3197	59.4171
0	8	45.7341	45.7341	56.3509
0	8	56.6372	49.3197	59.4171
0	8	53.0516	45.7341	56.3509
0	8	63.9546	49.3197	59.4171
0	8	60.3691	45.7341	56.3509
0	8	71.2721	49.3197	59.4171
0	8	67.6865	45.7341	56.3509
0	8	42.0022	56.6372	59.4171
0	8	38.4167	53.0516	56.3509
0	8	36.5873	51.2222	54.5111
0	8	49.3197	56.6372	59.4171
0	8	45.7341	53.0516	56.3509
0	8	43.9048	51.2222	54.5111
0	8	56.6372	56.6372	59.4171
0	8	53.0516	53.0516	56.3509
0	8	51.2222	51.2222	54.5111
0	8	63.9546	56.6372	59.4171
0	8	60.3691	53.0516	56.3509
0	8	58.5397	51.2222	54.5111
0	8	71.2721	56.6372	59.4171
0	8	67.6865	53.0516	56.3509
0	8	65.8572	51.2222	54.5111
0	8	36.5873	58.5397	54.5111
0	8	43.9048	58.5397	54.5111
0	8	51.2222	58.5397	54.5111
0	8	58.5397	58.5397	54.5111
0	8	65.8572	58.5397	54.5111
0	9	42.0022	49.3197	66.231
0	9	38.4167	45.7341	63.1647
0	9	49.3197	49.3197	66.231
0	9	45.7341	45.7341	63.1647
0	9	56.6372	49.3197	66.231
0	9	53.0516	45.7341	63.1647
0	9	63.9546	49.3197	66.231
0	9	60.3691	45.7341	63.1647
0	9	71.2721	49.3197	66.231
0	9	67.6865	45.7341	63.1647
0	9	42.0022	56.6372	66.231
0	9	38.4167	53.0516	63.1647
0	9	36.5873	51.2222	61.325
0	9	49.3197	56.6372	66.231
0	9	45.7341	53.0516	63.1647
0	9	43.9048	51.2222	61.325
0	9	56.6372	56.6372	66.231
0	9	53.0516	53.0516	63.1647
0	9	51.2222	51.2222	61.325
0	9	63.9546	56.6372	66.231
0	9	60.3691	53.0516	63.1647
0	9	58.5397	51.2222	61.325
0	9	71.2721	56.6372	66.231
0	9	67.6865	53.0516	63.1647
0	9	65.8572	51.2222	61.325
0	9	36.5873	58.5397	61.325
0	9	43.9048	58.5397	61.325
0	9	51.2222	58.5397	61.325
0	9	58.5397	58.5397	61.325
0	9	65.8572	58.5397	61.325
0	0	42.0022	63.9546	4.906
0	0	38.4167	60.3691	1.83975
0	0	49.3197	63.9546	4.906
0	0	45.7341	60.3691	1.83975
0	0	56.6372	63.9546	4.906
0	0	53.0516	60.3691	1.83975
0	0	63.9546	63.9546	4.906
0	0	60.3691	60.3691	1.83975
0	0	71.2721	63.9546	4.906
0	0	67.6865	60.3691	1.83975
0	0	42.0022	71.2721	4.906
0	0	38.4167	67.6865	1.83975
0	0	36.5873	65.8572	0
0	0	49.3197	71.2721	4.906
0	0	45.7341	67.6865	1.83975
0	0	43.9048	65.8572	0
0	0	56.6372	71.2721	4.906
0	0	53.0516	67.6865	1.83975
0	0	51.2222	65.8572	0
0	0	63.9546	71.2721	4.906
0	0	60.3691	67.6865	1.83975
0	0	58.5397	65.8572	0
0	0	71.2721	71.2721	4.906
0	0	67.6865	67.6865	1.83975
0	0	65.8572	65.8572	0
0	1	42.0022	63.9546	11.7199
0	1	38.4167	60.3691	8.65364
0	1	49.3197	63.9546	11.7199
0	1	45.7341	60.3691	8.65364
0	1	56.6372	63.9546	11.7199
0	1	53.0516	60.3691	8.65364
0	1	63.9546	63.9546	11.7199
0	1	60.3691	60.3691	8.65364
0	1	71.2721	63.9546	11.7199
0	1	67.6865	60.3691	8.65364
0	1	42.0022	71.2721	11.7199
0	1	38.4167	67.6865	8.65364
0	1	36.5873	65.8572	6.81389
0	1	49.3197	71.2721	11.7199
0	1	45.7341	67.6865	8.65364
0	1	43.9048	65.8572	6.81389
0	1	56.6372	71.2721	11.7199
0	1	53.0516	67.6865	8.65364
0	1	51.2222	65.8572	6.81389
0	1	63.9546	71.2721	11.7199
0	1	60.3691	67.6865	8.65364
0	1	58.5397	65.8572	6.81389
0	1	71.2721	71.2721	11.7199
0	1	67.6865	67.6865	8.65364
0	1	65.8572	65.8572	6.81389
0	2	42.0022	63.9546	18.5338
0	2	38.4167	60.3691	15.4675
0	2	49.3197	63.9546	18.5338
0	2	45.7341	60.3691	15.4675
0	2	56.6372	63.9546	18.5338
0	2	53.0516	60.3691	15.4675
0	2	63.9546	63.9546	18.5338
0	2	60.3691	60.3691	15.4675
0	2	71.2721	63.9546	18.5338
0	2	67.6865	60.3691	15.4675
0	2	42.0022	71.2721	18.5338
0	2	38.4167	67.6865	15.4675
0	2	36.5873	65.8572	13.6278
0	2	49.3197	71.2721	18.5338
0	2	45.7341	67.6865	15.4675
0	2	43.9048	65.8572	13.6278
0	2	56.6372	71.2721	18.5338
0	2	53.0516	67.6865	15.4675
0	2	51.2222	65.8572	13.6278
0	2	63.9546	71.2721	18.5338
0	2	60.3691	67.6865	15.4675
0	2	58.5397	65.8572	13.6278
0	2	71.2721	71.2721	18.5338
0	2	67.6865	67.6865	15.4675
0	2	65.8572	65.8572	13.6278
0	3	42.0022	63.9546	25.3477
0	3	38.4167	60.3691	22.2814
0	3	49.3197	63.9546	25.3477
0	3	45.7341	60.3691	22.2814
0	3	56.6372	63.9546	25.3477
0	3	53.0516	60.3691	22.2814
0	3	63.9546	63.9546	25.3477
0	3	60.3691	60.3691	22.2814
0	3	71.2721	63.9546	25.3477
0	3	67.6865	60.3691	22.2814
0	3	42.0022	71.2721	25.3477
0	3	38.4167	67.6865	22.2814
0	3	36.5873	65.8572	20.4417
0	3	49.3197	71.2721	25.3477
0	3	45.7341	67.6865	22.2814
0	3	43.9048	65.8572	20.4417
0	3	56.6372	71.2721	25.3477
0	3	53.0516	67.6865	22.2814
0	3	51.2222	65.8572	20.4417
0	3	63.9546	71.2721	25.3477
0	3	60.3691	67.6865	22.2814
0	3	58.5397	65.8572	20.4417
0	3	71.2721	71.2721	25.3477
0	3	67.6865	67.6865	22.2814
0	3	65.8572	65.8572	20.4417
0	4	42.0022	63.9546	32.1616
0	4	38.4167	60.3691	29.0953
0	4	49.3197	63.9546	32.1616
0	4	45.7341	60.3691	29.0953
0	4	56.6372	63.9546	32.1616
0	4	53.0516	60.3691	29.0953
0	4	63.9546	63.9546	32.1616
0	4	60.3691	60.3691	29.0953
0	4	71.2721	63.9546	32.1616
0	4	67.6865	60.3691	29.0953
0	4	42.0022	71.2721	32.1616
0	4	38.4167	67.6865	29.0953
0	4	36.5873	65.8572	27.2556
0	4	49.3197	71.2721	32.1616
0	4	45.7341	67.6865	29.0953
0	4	43.9048	65.8572	27.2556
0	4	56.6372	71.2721	32.1616
0	4	53.0516	67.6865	29.0953
0	4	51.2222	65.8572	27.2556
0	4	63.9546	71.2721	32.1616
0	4	60.3691	67.6865	29.0953
0	4	58.5397	65.8572	27.2556
0	4	71.2721	71.2721	32.1616
0	4	67.6865	67.6865	29.0953
0	4	65.8572	65.8572	27.2556
0	5	42.0022	63.9546	38.9754
0	5	38.4167	60.3691	35.9092
0	5	49.3197	63.9546	38.9754
0	5	45.7341	60.3691	35.9092
0	5	56.6372	63.9546	38.9754
0	5	53.0516	60.3691	35.9092
0	5	63.9546	63.9546	38.9754
0	5	60.3691	60.3691	35.9092
0	5	71.2721	63.9546	38.9754
0	5	67.6865	60.3691	35.9092
0	5	42.0022	71.2721	38.9754
0	5	38.4167	67.6865	35.9092
0	5	36.5873	65.8572	34.0694
0	5	49.3197	71.2721	38.9754
0	5	45.7341	67.6865	35.9092
0	5	43.9048	65.8572	34.0694
0	5	56.6372	71.2721	38.9754
0	5	53.0516	67.6865	35.9092
0	5	51.2222	65.8572	34.0694
0	5	63.9546	71.2721	38.9754
0	5	60.3691	67.6865	35.9092
0	5	58.5397	65.8572	34.0694
0	5	71.2721	71.2721	38.9754
0	5	67.6865	67.6865	35.9092
0	5	65.8572	65.8572	34.0694
0	6	42.0022	63.9546	45.7893
0	6	38.4167	60.3691	42.7231
0	6	49.3197	63.9546	45.7893
0	6	45.7341	60.3691	42.7231
0	6	56.6372	63.9546	45.7893
0	6	53.0516	60.3691	42.7231
0	6	63.9546	63.9546	45.7893
0	6	60.3691	60.3691	42.7231
0	6	71.2721	63.9546	45.7893
0	6	67.6865	60.3691	42.7231
0	6	42.0022	71.2721	45.7893
0	6	38.4167	67.6865	42.7231
0	6	36.5873	65.8572	40.8833
0	6	49.3197	71.2721	45.7893
0	6	45.7341	67.6865	42.7231
0	6	43.9048	65.8572	40.8833
0	6	56.6372	71.2721	45.7893
0	6	53.0516	67.6865	42.7231
0	6	51.2222	65.8572	40.8833
0	6	63.9546	71.2721	45.7893
0	6	60.3691	67.6865	42.7231
0	6	58.5397	65.8572	40.8833
0	6	71.2721	71.2721	45.7893
0	6	67.6865	67.6865	42.7231
0	6	65.8572	65.8572	40.8833
0	7	42.0022	63.9546	52.6032
0	7	38.4167	60.3691	49.537
0	7	49.3197	63.9546	52.6032
0	7	45.7341	60.3691	49.537
0	7	56.6372	63.9546	52.6032
0	7	53.0516	60.3691	49.537
0	7	63.9546	63.9546	52.6032
0	7	60.3691	60.3691	49.537
0	7	71.2721	63.9546	52.6032
0	7	67.6865	60.3691	49.537
0	7	42.0022	71.2721	52.6032
0	7	38.4167	67.6865	49.537
0	7	36.5873	65.8572	47.6972
0	7	49.3197	71.2721	52.6032
0	7	45.7341	67.6865	49.537
0	7	43.9048	65.8572	47.6972
0	7	56.6372	71.2721	52.6032
0	7	53.0516	67.6865	49.537
0	7	51.2222	65.8572	47.6972
0	7	63.9546	71.2721	52.6032
0	7	60.3691	67.6865	49.537
0	7	58.5397	65.8572	47.6972
0	7	71.2721	71.2721	52.6032
0	7	67.6865	67.6865	49.537
0	7	65.8572	65.8572	47.6972
0	8	42.0022	63.9546	59.4171
0	8	38.4167	60.3691	56.3509
0	8	49.3197	63.9546	59.4171
0	8	45.7341	60.3691	56.3509
0	8	56.6372	63.9546	59.4171
0	8	53.0516	60.3691	56.3509
0	8	63.9546	63.9546	59.4171
0	8	60.3691	60.3691	56.3509
0	8	71.2721	63.9546	59.4171
0	8	67.6865	60.3691	56.3509
0	8	42.0022	71.2721	59.4171
0	8	38.4167	67.6865	56.3509
0	8	36.5873	65.8572	54.5111
0	8	49.3197	71.2721	59.4171
0	8	45.7341	67.6865	56.3509
0	8	43.9048	65.8572	54.5111
0	8	56.6372	71.2721	59.4171
0	8	53.0516	67.6865	56.3509
0	8	51.2222	65.8572	54.5111
0	8	63.9546	71.2721	59.4171
0	8	60.3691	67.6865	56.3509
0	8	58.5397	65.8572	54.5111
0	8	71.2721	71.2721	59.4171
0	8	67.6865	67.6865	56.3509
0	8	65.8572	65.8572	54.5111
0	9	42.0022	63.9546	66.231
0	9	38.4167	60.3691	63.1647
0	9	49.3197	63.9546	66.231
0	9	45.7341	60.3691	63.1647
0	9	56.6372	63.9546	66.231
0	9	53.0516	60.3691	63.1647
0	9	63.9546	63.9546	66.231
0	9	60.3691	60.3691	63.1647
0	9	71.2721	63.9546	66.231
0	9	67.6865	60.3691	63.1647
0	9	42.0022	71.2721	66.231
0	9	38.4167	67.6865	63.1647
0	9	36.5873	65.8572	61.325
0	9	49.3197	71.2721	66.231
0	9	45.7341	67.6865	63.1647
0	9	43.9048	65.8572	61.325
0	9	56.6372	71.2721	66.231
0	9	53.0516	67.6865	63.1647
0	9	51.2222	65.8572	61.325
0	9	63.9546	71.2721	66.231
0	9	60.3691	67.6865	63.1647
0	9	58.5397	65.8572	61.325
0	9	71.2721	71.2721	66.231
0	9	67.6865	67.6865	63.1647
0	9	65.8572	65.8572	61.325
